# {"debug": false, "pause": false, "output": "/home/cc/DynWork/multimodal_dataset_gpu/repeat-2/Multimodal_Real_Dataset/Azure/translation/fsmt_wmt/5_x_P99/clipper", "slo_us": 1596000, "batch_size": 8, "reqs": "/home/cc/DynWork/multimodal_dataset_gpu/repeat-2/Multimodal_Real_Dataset/Azure/translation/fsmt_wmt/jobs.bucketed.csv", "latencies": "/home/cc/DynWork/multimodal_dataset_gpu/repeat-2/Multimodal_Real_Dataset/Azure/translation/fsmt_wmt/latencies.csv"}
JobId,Length,Admitted,Started,Finished,Latency,State,EName
0,315.3420230967728,0.0,8.771434962749481,13.357228961307555,4.585793998558074,past_due,
1,315.0191907777093,88.11845845980524,96.89158898591997,98.0667929868214,1.1752040009014308,past_due,
2,63.29930006211824,176.23691691961048,185.0130609869957,186.13371300091967,1.1206520139239728,past_due,
3,63.11430332192178,264.3553753794157,273.1838349699974,275.02731996169314,1.843484991695732,past_due,
4,311.99641855016324,352.47383383922096,361.3041009902954,362.3875020220876,1.0834010317921638,past_due,
5,315.78228523051433,440.5922922990262,449.4321329593658,450.506548940204,1.0744159808382392,past_due,
6,315.3925000121972,528.7107507588314,537.5594549775124,538.63884096127,1.0793859837576747,past_due,
7,63.49970831981432,616.8292092186367,625.6792529821396,626.7474209526554,1.0681679705157876,past_due,
8,62.331509910734255,704.9476676784419,713.799476981163,714.8903569988906,1.0908800177276134,past_due,
9,314.2399655848259,793.0661261382471,801.9206280112267,803.0837940275669,1.1631660163402555,past_due,
10,314.9054246914237,881.1845845980524,890.0425480008125,891.1303540137596,1.0878060129471123,past_due,
11,63.02046902224448,991.332657672809,1000.1940919756888,1001.3871209667994,1.1930289911106229,past_due,
12,317.8894527308417,1101.4807307475655,1110.3445640206337,1112.676607039757,2.3320430191233754,past_due,
13,63.06815224678533,1211.628803822322,1220.4946280121803,1221.6191730126739,1.1245450004935265,past_due,
14,63.54033563382445,1321.7768768970786,1330.6625289916992,1334.1320630353875,3.469534043688327,past_due,
15,312.72113187755446,1431.9249499718353,1440.812849998474,1441.9192769913932,1.106426992919296,past_due,
16,318.7298556610178,1542.0730230465915,1550.9628959298134,1552.1198549140245,1.1569589842110872,past_due,
17,314.30914061284176,1652.2210961213482,1661.112410008907,1662.2756619979625,1.163251989055425,past_due,
18,314.1210060043623,1762.3691691961048,1771.262072980404,1772.3558859657496,1.0938129853457212,past_due,
19,313.44459907494047,1835.8012179126088,1844.6959639787676,1845.7346099549907,1.0386459762230515,past_due,
20,313.9359683523049,1909.2332666291136,1918.1295719742773,1919.2330129723994,1.103440998122096,past_due,
21,62.57064000796187,1982.665315345618,1991.5635010004044,1992.6240190290846,1.0605180286802351,past_due,
22,316.2965549866868,2056.0973640621223,2064.997265994549,2066.0744989933446,1.0772329987958074,past_due,
23,63.870703438430304,2129.5294127786265,2138.431300997734,2140.2064209752716,1.7751199775375426,past_due,
24,63.65688805660577,2202.961461495131,2211.8652639985085,2212.9748660447076,1.109602046199143,past_due,
25,63.89423825030398,2276.393510211636,2285.2998239398003,2286.4392338963225,1.139409956522286,past_due,
26,315.0095428966778,2349.82555892814,2358.7338139414787,2359.865637926385,1.1318239849060774,past_due,
27,317.33072483669264,2423.257607644644,2432.1678609251976,2433.273050947115,1.105190021917224,past_due,
28,316.3087647630169,2496.6896563611485,2505.601559996605,2506.6777779702097,1.0762179736047983,past_due,
29,315.81306707224337,2570.121705077653,2579.035371005535,2580.16292703012,1.1275560245849192,past_due,
30,63.15955178450496,2643.5537537941573,2652.484341979027,2654.175806022715,1.691464043688029,past_due,
31,319.47263287266946,2702.2993927673606,2711.2321269512177,2712.340932949446,1.1088059982284904,past_due,
32,64.00451700596673,2761.0450317405644,2769.979460954666,2771.0932669327594,1.1138059780932963,past_due,
33,63.262708743566165,2819.790670713768,2828.727210998535,2829.8299840055406,1.102773007005453,past_due,
34,312.32185763139705,2878.5363096869714,2887.475250005722,2888.577206009999,1.1019560042768717,past_due,
35,63.21344215655683,2937.2819486601747,2946.2227729558945,2947.3320699939504,1.1092970380559564,past_due,
36,314.640404874346,2996.027587633378,3004.970385968685,3006.0791559363715,1.108769967686385,past_due,
37,63.241611535856215,3054.773226606582,3063.717979967594,3064.808146010153,1.0901660425588489,past_due,
38,313.38535750039983,3113.518865579785,3122.468026995659,3123.5857729921117,1.117745996452868,past_due,
39,312.8296322121934,3172.264504552989,3181.215324997902,3182.2995709721,1.0842459741979835,past_due,
40,316.8044278083909,3231.010143526192,3239.962666988373,3241.067848977633,1.105181989260018,past_due,
41,317.617571682731,3289.7557824993955,3298.7105019688606,3299.847949977964,1.1374480091035366,past_due,
42,63.5823669903372,3348.5014214725998,3357.457862973213,3358.544378987979,1.086516014765948,past_due,
43,316.5861532270807,3407.2470604458026,3416.2053099274635,3417.3147489340045,1.1094390065409243,past_due,
44,63.20875957376627,3465.9926994190064,3474.952757000923,3476.046618007589,1.0938610066659749,past_due,
45,63.450727237183926,3524.7383383922097,3533.699994981289,3534.785981946625,1.0859869653359056,past_due,
46,63.35023235504018,3622.647736680882,3631.611627995968,3699.8553759804927,68.24374798452482,done,
47,63.4238478394649,3720.557134969554,3729.5225780010223,3796.249526019208,66.7269480181858,done,
48,63.99945984470622,3818.466533258227,3827.4339399933815,3894.4607609584928,67.02682096511126,done,
49,63.67977159223283,3916.3759315469,3925.3474989533424,3992.4475759477355,67.10007699439302,done,
50,315.291613791764,4014.285329835572,4023.2586649656296,4342.179501982406,318.9208370167762,done,
51,63.007144178635365,4112.194728124245,4121.172536969185,4730.247333926614,609.0747969574295,done,
52,313.77095778621907,4210.104126412917,4219.086649000645,4730.591790040024,511.5051410393789,done,
53,314.035569529318,4308.01352470159,4316.999269962311,4730.808495973237,413.80922601092607,done,
54,63.34559280082504,4405.922922990262,4414.912558972836,5160.946721964982,746.0341629921459,done,
55,63.15127039591071,4494.041381450067,4591.159134984016,5161.560740959365,570.4016059753485,done,
56,63.80456535087828,4582.159839909873,4679.2815579772,5161.975728938822,482.69417096162215,done,
57,318.77781055652986,4670.278298369678,4503.035030961037,5162.275839939248,659.2408089782111,done,
58,63.02756813501582,4758.396756829483,4943.669339954853,5622.944317954592,679.2749779997393,done,
59,62.72694305361755,4846.515215289288,5119.911779999733,5623.501780036371,503.59000003663823,done,
60,63.13979364678403,4934.633673749094,4855.547476947308,5623.694442949258,768.1469660019502,done,
61,62.73863139257653,5022.752132208899,5031.790708005428,5623.97136305226,592.1806550468318,done,
62,315.40046306452336,5110.870590668704,4767.404305934906,5624.149449937977,856.7451440030709,done,
63,63.60586886284784,5198.98904912851,5208.03330796957,6123.771856994834,915.7385490252636,done,
64,316.8463065825853,5287.107507588315,5376.274910986424,6123.9238560064705,747.6489450200461,done,
65,313.00875116927284,5367.215197097228,5456.3867399692535,6124.248907958623,667.8621679893695,done,
66,63.3991778610515,5447.322886606143,5536.5050429701805,6124.29545696266,587.7904139924794,done,
67,316.6605184504484,5527.430576115056,5616.616656959057,6124.821516931523,508.2048599724658,done,
68,61.97473109628663,5607.53826562397,5296.159456014633,6125.075104991905,828.9156489772722,done,
69,312.78724148361573,5687.645955132884,5696.7305609583855,6624.754495962989,928.0239350046032,done,
70,62.8930056366033,5767.753644641798,6017.174808979034,6625.194510940928,608.0197019618936,done,
71,63.44230372908395,5847.861334150712,5856.952567994595,6625.390627016313,768.4380590217188,done,
72,64.03154594658092,5927.969023659625,6097.284834980965,6625.732836986426,528.4480020054616,done,
73,63.45296949229432,6008.076713168539,5937.06367200613,6625.896363003645,688.8326909975149,done,
74,317.44437426211414,6088.184402677453,5776.8418499827385,6626.105252965353,849.2634029826149,done,
75,314.40535622494247,6168.292092186367,6177.396964967251,7087.9133349386975,910.5163699714468,done,
76,312.97305678003727,6266.20149047504,6373.224402964115,7088.3996809250675,715.1752779609524,done,
77,313.9607897040555,6364.110888763712,6569.053004980087,7088.693405985832,519.6404010057448,done,
78,316.06892300825245,6462.020287052384,6471.139809966087,7088.928815943189,617.7890059771016,done,
79,313.784338441338,6559.929685341057,6275.310018956661,7089.179566928651,813.86954797199,done,
80,314.18768532327925,6657.839083629729,6666.965556979179,7548.469452020712,881.5038950415328,done,
81,62.93950525458005,6755.748481918402,6862.808723986149,7549.090763955377,686.2820399692282,done,
82,313.24353704100525,6853.657880207074,7058.647738993168,7549.455792983063,490.8080539898947,done,
83,62.56277006841781,6951.567278495747,6764.893356978893,7549.907456012908,785.0140990340151,done,
84,63.164683959103776,7049.476676784419,6960.725099980831,7550.307858005166,589.5827580243349,done,
85,313.3542186112489,7137.595135244224,7323.024871945381,8014.2473119311035,691.2224399857223,done,
86,318.0180617176102,7225.71359370403,7411.148578941822,8015.214110923,604.0655319811776,done,
87,313.81108142602176,7313.832052163835,7234.899352014065,8015.541682020295,780.6423300062306,done,
88,62.9128373485612,7401.95051062364,7499.27573800087,8015.869285014924,516.5935470140539,done,
89,63.73329626141303,7490.068969083446,7146.774344980717,8016.220846989658,869.446502008941,done,
90,313.9865508540269,7578.187427543251,7763.643877983093,8474.503969011828,710.860091028735,done,
91,63.38930567576846,7666.305886003056,7939.887558937073,8475.292699947488,535.4051410104148,done,
92,63.65116224718007,7754.424344462861,7675.519014000893,8475.626417018939,800.1074030180462,done,
93,311.5721967525595,7842.542802922667,7851.765570998192,8475.939112027641,624.1735410294496,done,
94,312.20002478324227,7930.661261382472,7587.396815955639,8476.239375957288,888.842560001649,done,
95,62.795639448379085,8010.768950891385,8260.3389159441,8973.970446934924,713.6315309908241,done,
96,62.59865493889626,8090.8766404003,8420.561857998371,8975.043823953718,554.4819659553468,done,
97,63.05892047506417,8170.984329909214,8180.227851986885,8975.430680988822,795.2028290019371,done,
98,63.23609673724888,8251.092019418127,8020.000624001026,8975.63218697533,955.631562974304,done,
99,315.8975022743208,8331.19970892704,8340.449579954147,8975.960444970988,635.5108650168404,done,
100,315.65557511821146,8411.307398435954,8100.111733019352,8976.210233060177,876.0985000408255,done,
101,316.9988773592542,8491.415087944868,8580.786991000175,9474.485193970148,893.698202969972,done,
102,62.959847128590766,8571.522777453783,8741.011308968067,9475.1247509229,734.1134419548325,done,
103,64.01012151510069,8651.630466962697,8821.124278962612,9475.40324195195,654.2789629893377,done,
104,314.4815447342679,8731.73815647161,8660.899217009544,9475.734261972364,814.8350449628197,done,
105,314.970927372735,8811.845845980524,8909.24891102314,9476.1335600093,566.8846489861608,done,
106,62.59035307313486,8899.96430444033,8500.673366963863,9476.47790892236,975.804541958496,done,
107,318.23573480665607,8988.082762900134,9085.492999970911,9977.15196698252,891.6589670116082,done,
108,317.5168142072964,9076.20122135994,9349.862939953804,9977.316523944959,627.453583991155,done,
109,63.095278268515,9164.319679819744,8997.369181990623,9977.534426012542,980.1652440219186,done,
110,312.5061293269196,9252.438138279553,9437.985599935057,9977.626897939483,539.6412980044261,done,
111,63.378468037728986,9340.556596739356,9261.738179028034,9977.75073402794,716.0125549999066,done,
112,316.0575345952981,9428.67505519916,9173.616353988647,9977.771787946578,804.1554339579307,done,
113,315.55988120707786,9516.793513658966,9526.108665943146,10475.95631799614,949.8476520529948,done,
114,63.61424439428239,9604.91197211877,9702.355079948902,10476.282987932209,773.9279079833068,done,
115,314.81893627601323,9693.030430578576,9775.794171988964,10476.627833994571,700.833662005607,done,
116,315.2453175692984,9766.46247929508,9614.231312990189,10476.902345945593,862.6710329554044,done,
117,63.72699671009102,9839.894528011584,9922.66156500578,10477.14317798987,554.481612984091,done,
118,313.04400080510635,9913.32657672809,9849.228011965752,10477.315460969694,628.0874490039423,done,
119,63.1368197055022,9986.758625444594,10216.398346960545,11014.494795958512,798.096448997967,done,
120,316.65047044926,10060.190674161098,10289.834345936775,11015.260954924393,725.4266089876182,done,
121,314.75484971047024,10133.622722877602,10142.962939977646,11015.661224954296,872.69828497665,done,
122,63.18219110940293,10207.054771594108,10436.70629197359,11015.892972933128,579.1866809595376,done,
123,317.4812104610359,10280.48682031061,10069.529335021973,11016.264056968968,946.7347219469956,done,
124,316.9790273978755,10353.918869027117,9996.095407009125,11016.5547600016,1020.459352992475,done,
125,314.6923789637029,10427.35091774362,10363.27054297924,11016.80592696555,653.5353839863092,done,
126,63.71800879874141,10500.782966460123,10759.82375496626,11513.030380954502,753.2066259882413,done,
127,64.15448492504274,10574.21501517663,10583.579738974571,11513.47918197373,929.899442999158,done,
128,315.35291596341153,10662.333473636434,10936.068999946116,11513.86353491526,577.7945349691436,done,
129,62.07329429968528,10750.45193209624,10510.14296501875,11514.610775988549,1004.4678109697998,done,
130,314.54883177368737,10838.570390556046,10847.944478929045,11515.038060972935,667.0935820438899,done,
131,63.917517256792806,10926.68884901585,10671.702790021896,11515.389301994815,843.6865119729191,done,
132,317.2717965318617,11014.807307475656,11024.191152989864,12013.930559960194,989.7394069703296,done,
133,316.5249611745849,11102.92576593546,11288.561578989027,12014.49430801207,725.9327290230431,done,
134,62.82922387023914,11191.044224395266,11464.83612895012,12014.820771953093,549.984643002972,done,
135,313.32174632595206,11279.162682855072,11200.43755799532,12015.075750993565,814.6381929982454,done,
136,63.12870770250543,11367.281141314876,11112.315563976765,12015.230992020108,902.9154280433432,done,
137,317.15697247631624,11455.399599774682,11376.714034974577,12015.524911964314,638.8108769897372,done,
138,63.78027016657852,11535.507289283596,11785.288922011852,12512.694797001779,727.4058749899268,done,
139,64.18691926049553,11615.61497879251,11865.400473952292,12513.337360943666,647.9368869913742,done,
140,315.310131941718,11695.722668301423,11625.060023963451,12514.282369976863,889.2223460134119,done,
141,63.697443143952704,11775.830357810337,11945.513648927212,12514.78209994128,569.268451014068,done,
142,315.4313187620629,11855.93804731925,11705.174399018288,12515.23513504304,810.0607360247523,done,
143,314.58030242732013,11936.045736828166,11544.947428941729,12515.813106925694,970.8656779839656,done,
144,63.43991206756031,12016.15342633708,12185.852201998234,13013.207310978789,827.3551089805551,done,
145,312.25875658300026,12096.261115845991,12025.625728964806,13013.785367968958,988.1596390041524,done,
146,309.0880009876096,12176.368805354909,12105.739585995674,13013.978083034512,908.2384970388376,done,
147,63.46304536554795,12256.47649486382,12443.996899962423,13014.28371297987,570.2868130174465,done,
148,313.7969358652328,12336.584184372734,12346.08362299204,13014.476219991224,668.3925969991833,done,
149,317.1261774198491,12434.493582661406,12265.97197598219,13014.770823006053,748.7988470238633,done,
150,318.3707898961912,12532.40298095008,12541.908021986485,13480.519654024858,938.6116320383736,done,
151,64.07359453797423,12630.31237923875,12835.648599028587,13481.285877066199,645.6372780376114,done,
152,63.85613231478048,12728.221777527424,12737.733768999577,13481.717122953385,743.9833539538085,done,
153,63.33796946387906,12826.131175816095,12639.820816993712,13482.14107001852,842.3202530248091,done,
154,314.176455507256,12924.040574104769,12933.562848985195,13482.428710011765,548.8658610265702,done,
155,63.82608970205972,13021.94997239344,13129.392857968807,13975.138928930275,845.7460709614679,done,
156,64.26908180749157,13119.859370682114,13227.304529964924,13975.369174948893,748.0646449839696,done,
157,63.95288631052678,13217.768768970784,13031.477070987225,13975.398046014365,943.9209750271402,done,
158,63.19299343829992,13285.552198555251,13430.698859930038,13975.442908896133,544.7440489660949,done,
159,312.3794715477202,13353.335628139715,13362.907766997814,13975.402383999899,612.4946170020849,done,
160,312.86685404623336,13421.119057724183,13295.09463596344,13975.64087597141,680.5462400079705,done,
161,315.4218100344579,13488.902487308647,13498.485538959503,14511.516625960357,1013.0310870008544,done,
162,63.75924439675746,13556.685916893111,13701.858600974085,14511.715828988237,809.8572280141525,done,
163,311.6187035268368,13624.46934647758,13634.066763937471,14511.834505966863,877.7677420293912,done,
164,63.64049675820336,13692.252776062043,13566.276103973389,14511.942611965816,945.6665079924278,done,
165,62.94345355153101,13760.036205646513,13905.224722981451,14512.079239994286,606.8545170128345,done,
166,317.06208034694004,13827.819635230975,13837.436065971851,14512.109214984812,674.6731490129605,done,
167,62.7748163318144,13895.60306481544,13769.64617997408,14512.405896962155,742.7597169880755,done,
168,314.4722703040457,13963.386494399909,14108.593382954596,15047.205692006273,938.6123090516776,done,
169,64.1019899871634,14031.169923984373,14206.510740935802,15047.496981940232,840.9862410044298,done,
170,316.0915726239238,14098.95335356884,13973.016580939293,15047.595027915668,1074.5784469763748,done,
171,63.16203914172232,14196.862751857512,14040.8034619689,15047.958652947565,1007.1551909786648,done,
172,63.811516290175646,14294.772150146184,14402.335198998451,15048.089487996884,645.7542889984325,done,
173,315.21617119164324,14392.681548434855,14500.246800005436,15048.1143180402,547.8675180347636,done,
174,63.51044880232338,14490.590946723529,14304.42367297411,15048.294828983955,743.8711560098454,done,
175,63.63452953347763,14588.500345012202,14793.981898963451,15511.952493960038,717.9705949965864,done,
176,317.18983088851763,14686.409743300874,14696.069716989994,15512.171733998228,816.1020170082338,done,
177,63.88199095704278,14784.319141589547,14989.806173026562,15512.28455606103,522.4783830344677,done,
178,63.4016210699857,14882.22853987822,14598.158160984516,15512.469367010985,914.3112060264684,done,
179,63.40878518146772,14980.137938166892,14891.894093990326,15512.576516993344,620.6824230030179,done,
180,63.50809584832336,15127.0020355999,15283.53963893652,15900.886536948849,617.3468980123289,done,
181,314.68307088610106,15273.866133032909,15430.406271994114,15901.084454953205,470.6781829590909,done,
182,311.7949142795457,15420.730230465915,15136.673083007336,15901.238974011503,764.5658910041675,done,
183,315.5291121540536,15567.594327898929,15577.272714972496,16290.88373294333,713.6110179708339,done,
184,63.60063009007048,15714.458425331935,15871.005607008934,16291.127378990874,420.1217719819397,done,
185,63.4449547209715,15861.322522764944,15724.138831019402,16291.243608980905,567.1047779615037,done,
186,62.8002938497273,15959.231921053615,16066.829466998575,16722.772410993464,655.9429439948872,done,
187,319.5650154617682,16057.141319342289,16262.652455985546,16723.021841939073,460.3693859535269,done,
188,63.7054835845939,16155.05071763096,15968.917743980885,16723.157941983547,754.2401980026625,done,
189,63.23341065742561,16252.960115919634,16164.740963995457,16723.3225939963,558.5816300008446,done,
190,63.13110390318817,16350.869514208303,16360.564338982103,17151.25828894833,790.6939499662258,done,
191,63.98980446497175,16448.77891249698,16556.38903695345,17151.481427966617,595.0923910131678,done,
192,312.40343855585775,16546.688310785652,16654.30179297924,17151.61724896403,497.3154559847899,done,
193,317.3515032197716,16644.59770907432,16458.475634992123,17151.73588403361,693.2602490414865,done,
194,315.2063325041132,16742.507107362995,16948.0397939682,17613.26250297716,665.2227090089582,done,
195,62.4323979090376,16840.41650565167,17045.953246951103,17613.77808697289,567.8248400217853,done,
196,63.61721661923103,16938.325903940342,17143.865332961082,17614.092901953496,470.2275689924136,done,
197,64.02525948333339,17036.23530222901,16752.21446698904,17614.348765007686,862.1342980186455,done,
198,63.25455412951201,17134.144700517685,16850.1259419322,17614.608796914108,764.4828549819067,done,
199,313.74537030332834,17232.05409880636,17535.519833922386,18038.17413090868,502.65429698629305,done,
200,63.3687290830616,17329.963497095032,17437.607329964638,18038.62559398124,601.0182640166022,done,
201,314.52393820163945,17427.8728953837,17241.78134995699,18039.161233952735,797.3798839957453,done,
202,62.3794214380368,17525.782293672375,17339.69604599476,18039.456464962102,699.7604189673439,done,
203,316.1469973671184,17623.69169196105,17633.434614002705,18428.05100198509,794.6163879823871,done,
204,64.0150564402016,17770.555789394057,17927.177277982235,18428.248345974833,501.0710679925978,done,
205,63.26526889895117,17917.419886827065,17780.306163966656,18428.3858719524,648.0797079857439,done,
206,62.14101561079825,18064.283984260077,18074.04473900795,18815.678437992465,741.6336989845149,done,
207,312.9565715940409,18211.148081693085,18367.7775259614,18816.14470993122,448.3671839698218,done,
208,313.4998140016068,18358.012179126094,18220.91128599644,18816.388976974882,595.4776909784414,done,
209,63.62306830897273,18504.876276559105,18514.645843982697,19241.939386976417,727.2935429937206,done,
210,315.92927442553463,18584.98396606801,18594.764329969883,19242.16166797513,647.3973380052485,done,
211,63.19035295473611,18665.09165557693,18674.87588697672,19242.27364999801,567.3977630212903,done,
212,314.1088020038205,18745.199345085843,18754.987431943417,19242.344989927486,487.357557984069,done,
213,315.41017022243165,18825.30703459476,18835.10029500723,19743.350150980055,908.2498559728264,done,
214,317.3671645477319,18905.41472410367,19075.433818936348,19744.041281948797,668.6074630124494,done,
215,63.67130351822867,18985.522413612583,18915.21354597807,19744.320108981803,829.1065630037338,done,
216,63.05555777975815,19065.630103121497,19155.54366093874,19744.687761897687,589.1441009589471,done,
217,314.65055012722536,19145.73779263041,19235.6537629962,19745.23554299912,509.5817800029181,done,
218,63.09216495874705,19225.845482139324,18995.324078023437,19745.56374905678,750.2396710333414,done,
219,312.53008496999416,19305.95317164824,19484.003242969517,20206.581603959672,722.5783609901555,done,
220,64.11068721435207,19386.06086115715,19315.76380300522,20207.209513969254,891.4457109640352,done,
221,63.49033478739463,19474.17931961696,19395.878988981247,20207.292533036787,811.4135440555401,done,
222,63.61126151598018,19562.29777807676,19660.250935971737,20207.496728958096,547.2457929863594,done,
223,316.42500518246675,19650.416236536566,19572.125600993637,20207.75266497443,635.6270639807917,done,
224,62.86911212673622,19738.53469499637,19924.619749963284,20708.54989895085,783.9301489875652,done,
225,63.62867744934586,19826.65315345618,19748.37580198049,20708.75310097448,960.3772989939898,done,
226,312.7638595616804,19914.771611915985,20100.86496096849,20709.369575994086,608.5046150255948,done,
227,63.53465916187923,20002.89007037579,20012.74225193262,20709.63951696828,696.8972650356591,done,
228,314.7334727238863,20091.008528835595,20188.98887294531,20709.800686945207,520.8118139998987,done,
229,317.7022334776137,20179.1269872954,19836.497863948345,20710.1320689735,873.6342050251551,done,
230,63.154083287061454,20267.245445755205,20357.227384984493,21208.632813998032,851.4054290135391,done,
231,315.8559045868072,20347.35313526412,20437.34094196558,21208.9436309631,771.6026889975183,done,
232,64.35980542965221,20427.460824773032,20277.11491894722,21209.574644945562,932.459725998342,done,
233,315.3828039042921,20507.568514281946,20677.67846697569,21209.961726997048,532.2832600213587,done,
234,313.5146701623356,20587.67620379086,20517.45431602001,21210.245956021823,692.7916400018148,done,
235,316.6373075519415,20667.783893299773,20597.566841959957,21210.52151595755,612.9546739975922,done,
236,63.64276016281596,20747.89158280869,20998.13505899906,21711.37495196704,713.2398929679766,done,
237,62.70316733003749,20827.999272317604,21078.24925893545,21712.166976955254,633.9177180198021,done,
238,63.37130749738027,20908.10696182652,21158.363080978397,21712.559448018674,554.1963670402765,done,
239,316.53649420149617,20988.21465133543,20918.01961195469,21712.91766995145,794.898057996761,done,
240,63.477357953116986,21068.322340844345,20837.904635965824,21713.25946200872,875.3548260428943,done,
241,318.2674156328601,21148.43003035326,20757.790777027607,21713.63615903398,955.8453820063733,done,
242,63.19593024438419,21228.53771986217,21398.699948966503,22212.540649978444,813.8407010119408,done,
243,315.1149781317471,21308.645409371085,21318.588003993034,22212.90048800828,894.312484015245,done,
244,63.108201874907,21388.75309888,21639.038545012478,22213.364587040156,574.3260420276783,done,
245,315.04794920897336,21468.860788388916,21238.47566395998,22213.734200946055,975.2585369860752,done,
246,317.28896251918474,21548.968477897823,21478.813027977943,22213.96451194631,735.1514839683659,done,
247,63.70799173252333,21629.076167406743,21558.924956023693,22214.290325015318,655.3653689916246,done,
248,63.02422777691645,21709.183856915657,21879.38123095036,22746.432346966587,867.0511160162278,done,
249,313.22905747379286,21789.29154642457,22165.503216981888,22746.850308978464,581.3470919965766,done,
250,310.8254737293521,21869.399235933484,22039.60898399353,22747.120052024256,707.5110680307262,done,
251,63.31457477023374,21949.5069254424,21799.267123937607,22747.263611895032,947.9964879574254,done,
252,315.2815475053834,22029.61461495131,21719.15231400728,22747.409629985686,1028.257315978408,done,
253,64.16226207537912,22092.55637099403,21959.493988990784,22747.598745027557,788.1047560367733,done,
254,314.21975003753033,22155.498127036743,22102.554811000824,22747.81248300476,645.257672003936,done,
255,63.304088354276125,22218.439883079467,22228.4482999444,23316.91937796725,1088.4710780228488,done,
256,63.51327738846334,22281.381639122184,22417.29279994965,23317.487546973865,900.1947470242158,done,
257,315.16363454329377,22344.3233951649,22354.345860004425,23317.75496403966,963.409104035236,done,
258,314.1543434278065,22407.26515120762,22291.397062957287,23318.040237948764,1026.643174991477,done,
259,63.92226654242151,22470.206907250336,22669.08132094145,23318.340168930124,649.2588479886763,done,
260,62.76454093465602,22533.148663293057,22480.239906966686,23318.754365936853,838.5144589701667,done,
261,63.50238598986657,22596.09041933577,22543.18707597256,23319.022391960494,775.8353159879334,done,
262,63.96255695417849,22659.03217537849,22606.136026978493,23319.089278008323,712.9532510298304,done,
263,62.97868079591839,22721.97393142121,22857.9179199934,23887.510448990855,1029.5925289974548,done,
264,315.4907242367088,22784.91568746393,22732.027234971523,23887.756165986415,1155.7289310148917,done,
265,63.561183712337176,22847.857443506648,23008.9852809906,23887.908393982798,878.9231129921973,done,
266,314.2996333975209,22910.799199549365,23097.11129397154,23888.01124998834,790.8999560168013,done,
267,63.342702623031606,22998.91765800917,23273.361845970157,23888.16742800782,614.8055820376612,done,
268,63.08112975556208,23087.03611646897,22920.86338198185,23888.346200970933,967.4828189890832,done,
269,63.04904865825412,23175.15457492878,22794.973003923893,23888.452256926335,1093.4792530024424,done,
270,64.40781987850417,23263.273033388585,23185.236184954643,23888.478134913836,703.2419499591924,done,
271,63.68537460195565,23351.39149184839,23537.741900980476,24431.626447977036,893.88454699656,done,
272,63.96699328211579,23439.509950308195,23449.61067801714,24432.35397705948,982.7432990423404,done,
273,314.097331077982,23527.628408768,23625.865166962147,24432.688817919232,806.8236509570852,done,
274,318.13463160208687,23615.746867227805,23875.55047494173,24432.92899799347,557.3785230517387,done,
275,63.01060406980183,23703.86532568761,23361.485374987125,24433.259849972557,1071.774474985432,done,
276,63.41096710721284,23791.98378414741,23802.1131349802,24433.475629992783,631.3624950125813,done,
277,320.9826709647854,23865.41583286392,23713.98899501562,24433.740067015402,719.7510719997808,done,
278,63.27014147876365,23938.847881580423,24169.30601298809,24962.76299394667,793.456980958581,done,
279,63.65356420256718,24012.27993029693,24095.865936994556,24963.310822016098,867.4448850215413,done,
280,313.60850964666827,24085.71197901343,24316.18445599079,24963.534744976554,647.3502889857627,done,
281,62.95136424472273,24159.144027729937,24389.623521983624,24963.738054950256,574.1145329666324,done,
282,64.02071416847193,24232.576076446443,24022.425773978237,24963.99001394725,941.5642399690114,done,
283,311.4596757754236,24306.008125162945,23948.987469017506,24964.194111058954,1015.2066420414484,done,
284,63.19835217809566,24379.44017387945,24242.746146976948,24964.301486964338,721.5553399873897,done,
285,63.14553215479116,24452.872222595957,24683.37808394432,25496.33602293767,812.9579389933497,done,
286,315.0005720582938,24526.30427131246,24536.498980998997,25496.810171049558,960.311190050561,done,
287,313.557127315145,24599.73632002896,24609.93836301565,25497.021560028195,887.0831970125437,done,
288,313.6225843056304,24673.168368745468,24947.74958896637,25497.326007964555,549.5764189981855,done,
289,313.4166197443378,24761.286827205276,24463.059740006924,25497.495713043958,1034.4359730370345,done,
290,311.33618961077127,24849.40528566508,24771.50572496653,25497.54489798984,726.0391730233096,done,
291,62.76966185608702,24937.523744124883,24859.62811899185,25497.84557696944,638.2174579775892,done,
292,63.37622034242388,25025.642202584688,25124.00247901678,25999.707975017373,875.7054960005917,done,
293,63.14822285711953,25113.760661044493,25476.49143499136,26000.32181697013,523.8303819787689,done,
294,318.5951364389513,25201.8791195043,25300.2451980114,26000.740849003196,700.4956509917974,done,
295,64.06731723738234,25289.997577964103,25388.36682897806,26001.01200900087,612.6451800228097,done,
296,63.688180470456274,25378.11603642391,25035.87594795227,26001.197333952412,965.3213860001416,done,
297,62.99597286364615,25466.23449488372,25212.12383300066,26001.55463801697,789.430805016309,done,
298,63.54262771568884,25554.35295334352,25662.53323799372,26464.67895199219,802.1457139984705,done,
299,63.608528995225264,25652.262351632195,25760.450055003166,26464.902747999877,704.4526929967105,done,
300,63.3285127506466,25750.171749920864,25564.617984950542,26465.25960493507,900.6416199845262,done,
301,317.4063847119282,25848.081148209538,25956.282012939453,26465.433665918652,509.1516529791989,done,
302,314.7750705794354,25945.99054649821,25858.36614197493,26465.621450980198,607.2553090052679,done,
303,317.2041521551707,26043.89994478688,26347.93981397152,26929.647959997877,581.708146026358,done,
304,63.65989166873055,26141.809343075554,26250.02430897951,26930.120858951006,680.0965499714948,done,
305,310.7316180417397,26239.718741364228,26445.85532397032,26930.63118499704,484.7758610267192,done,
306,63.93517078198691,26337.628139652898,26054.198210954662,26930.994200939775,876.7959899851121,done,
307,63.74983293343831,26435.53753794157,26152.110382974148,26931.407003955916,779.2966209817678,done,
308,312.2910660570599,26545.685611016328,26886.47060996294,27357.71671197284,471.2461020098999,done,
309,317.1416952421275,26655.833684091085,26776.31437301636,27358.355660985693,582.0412879693322,done,
310,63.20357157098534,26765.98175716584,26556.006158947945,27358.782883921172,802.7767249732278,done,
311,63.52670716528032,26876.1298302406,26666.159910976887,27358.974801970646,692.814890993759,done,
312,314.33240295917074,26986.277903315357,26996.62315994501,27784.56407591002,787.9409159650095,done,
313,63.98073106288027,27096.42597639011,27216.934902966022,27785.16492494382,568.2300219777972,done,
314,63.54530084889817,27206.574049464867,27327.09153699875,27785.524792028125,458.4332550293766,done,
315,316.2064821363776,27316.722122539624,27106.7785089612,27785.896698980127,679.1181900189258,done,
316,63.59612139408794,27442.60563462506,27704.77533197403,28175.07311896328,470.2977869892493,done,
317,316.15971074043574,27568.489146710497,27578.87582498789,28175.71425298648,596.8384279985912,done,
318,63.17949702616177,27694.37265879593,27452.983186006542,28176.084206971802,723.1010209652595,done,
319,62.30394988754935,27820.25617088137,28082.44462800026,28564.732983997557,482.2883559972979,done,
320,315.5821036686239,27946.139682966805,27956.554783940315,28565.37610091176,608.8213169714436,done,
321,314.8854181269353,28072.023195052243,27830.66517597437,28565.7596639907,735.0944880163297,done,
322,312.6511705779331,28197.90670713768,28404.162940979004,28993.99483896792,589.8318979889154,done,
323,63.55340668019476,28295.81610542635,28306.25104600191,28994.34451903077,688.0934730288573,done,
324,316.3437539435691,28393.725503715024,28208.335192978386,28994.715424999133,786.3802320207469,done,
325,314.28714856355185,28491.63490200369,28502.07797199488,28995.05590903806,492.9779370431788,done,
326,319.16669766316903,28589.544300292368,28795.821138978004,29423.08022399107,627.2590850130655,done,
327,313.65976564355503,28687.45369858104,28893.7344430089,29423.825402053073,530.0909590441734,done,
328,63.35525314486357,28785.363096869714,28697.909047961235,29424.142711988185,726.2336640269496,done,
329,315.3315793320323,28883.272495158384,28599.992949962616,29424.51605198905,824.5231020264328,done,
330,63.86664176021298,28981.181893447058,29215.46135497093,29849.62858600821,634.1672310372815,done,
331,63.7664932008639,29079.09129173573,29341.353477954865,29849.79359594686,508.4401179919951,done,
332,316.25305059257977,29204.97480382117,29089.571017980576,29849.993979010265,760.4229610296898,done,
333,63.73995562605326,29330.858315906604,28991.65257799625,29850.028151992705,858.3755739964545,done,
334,316.46354663809353,29456.74182799204,29844.926627993584,30276.819080987945,431.8924529943615,done,
335,316.23026366969697,29582.62534007748,29719.03448998928,30277.092685969546,558.0581959802657,done,
336,63.548163555571136,29708.50885216291,29593.135568022728,30277.22071902873,684.085151006002,done,
337,63.00335104795864,29834.39236424835,29467.24442899227,30277.341270996258,810.0968420039862,done,
338,63.32578336152056,29960.275876333784,30264.57760000229,30742.444453997072,477.866853994783,done,
339,64.06117854497033,30033.707925050287,30191.137996971607,30743.16883599758,552.0308390259743,done,
340,63.703016155141626,30107.139973766796,30117.69990694523,30743.454943951685,625.7550370064564,done,
341,312.8851856924408,30180.5720224833,29970.81899195909,30743.74282797798,772.9238360188901,done,
342,317.55618055204513,30254.0040711998,30044.259067952637,30744.01328093559,699.7542129829526,done,
343,317.59499480838264,30327.436119916303,30338.015872001648,31246.27049099095,908.2546189893036,done,
344,63.18474932522994,30400.86816863281,30705.211557924747,31246.31939788768,541.1078399629332,done,
345,317.82014664753694,30474.300217349315,30631.772077977657,31246.273325975053,614.5012479973957,done,
346,315.5910098637077,30547.732266065817,30484.891675949097,31246.53140695393,761.6397310048342,done,
347,63.366078952696135,30621.16431478232,30558.331097960472,31246.6141569498,688.2830589893274,done,
348,313.21106286074826,30694.596363498826,30411.452398002148,31246.81565300096,835.3632549988106,done,
349,62.634152688322416,30768.02841221533,30778.64992696047,31708.736090939026,930.086163978558,done,
350,63.51837200137968,30841.460460931838,31145.868135988712,31709.492353978567,563.6242179898545,done,
351,315.0853618713949,30939.369859220507,30950.002313017845,31709.97029299289,759.9679799750447,done,
352,316.725909622812,31037.27925750918,31047.92118895054,31710.270530969836,662.3493420192972,done,
353,311.6624785661175,31135.18865579785,30852.08728992939,31710.704286893364,858.6169969639741,done,
354,315.644196478642,31233.098054086524,31341.70569097996,32171.20769896219,829.502007982228,done,
355,312.07055836481067,31331.0074523752,31635.45486998558,32171.977121946868,536.5222519612871,done,
356,314.5898502492328,31428.91685066387,31537.536910951138,32172.360632959288,634.8237220081501,done,
357,62.805231977585215,31526.82624895254,31439.619562983517,32172.8243910349,733.2048280513845,done,
358,315.1845560345549,31624.73564724121,31243.78622996807,32173.020805972163,929.2345760040917,done,
359,62.967043464656776,31722.645045529887,32027.1156039238,32635.45227395697,608.336670033168,done,
360,315.362081257626,31820.55444381856,31929.200309932232,32635.74858989846,706.5482799662277,done,
361,63.72075649953607,31918.463842107238,31831.286207020283,32635.963829995133,804.6776229748502,done,
362,63.76238208823228,32016.373240395904,32125.03227299452,32636.0997750205,511.0675020259805,done,
363,316.7526792613124,32114.282638684577,31733.369359970093,32636.364452007692,902.9950920375996,done,
364,63.5674301813218,32212.19203697325,32222.9479239583,33099.01213596156,876.0642120032571,done,
365,63.48273683098946,32310.101435261924,32418.77675396204,33099.75427397108,680.9775200090371,done,
366,313.688229838929,32408.010833550597,32516.693453013897,33100.12399102608,583.4305380121805,done,
367,316.5000829932796,32505.920231839267,32320.86069995165,33100.56314794673,779.7024479950778,done,
368,62.785196201366695,32603.82963012794,32614.621344029903,33100.797685976606,486.1763419467025,done,
369,63.39180932138134,32713.977703202698,32724.774075984955,33529.27030101279,804.4962250278331,done,
370,317.8667811676715,32824.125776277455,33055.23935198784,33529.88044899888,474.6410970110446,done,
371,318.6859894813785,32934.27384935221,32945.08470696211,33530.22014893405,585.1354419719428,done,
372,313.5439683127007,33044.42192242696,32834.92857003212,33530.67113506468,695.7425650325604,done,
373,63.41900377835761,33154.56999550172,33165.39423698187,33616.8453259822,451.4510890003294,done,
374,63.20599715706384,33264.71806857648,33385.703125953674,33617.05575998314,231.35263402946293,done,
375,63.95799366336371,33374.86614165123,33275.548538029194,33617.17681005737,341.62827202817425,done,
376,63.42145443920851,33485.01421472599,33495.85411399603,33617.37658000784,121.52246601181103,done,
377,318.8255342879716,33595.16228780075,33606.00827497244,33938.20235898299,332.1940840105526,done,
378,62.81038335935367,33705.310360875505,33826.31756901741,34010.442935987376,184.1253669699654,done,
379,63.23030828690936,33815.45843395026,33716.164560973644,34010.93905697018,294.7744959965348,done,
380,315.86647912300464,33925.60650702502,33936.47280198336,34328.11279201694,391.63999003358185,done,
381,314.84142895996126,34035.754580099776,34156.78279197216,34716.831316960976,560.0485249888152,done,
382,63.50528493187889,34145.90265317453,34266.93701094389,34717.097243956756,450.16023301286623,done,
383,63.7873808091698,34256.05072624929,34046.62809300423,34717.3433119962,670.7152189919725,done,
384,315.843125891375,34366.19879932405,34407.47617697716,35294.62756397342,887.1513869962655,done,
385,316.1028325492068,34396.584474655014,34377.08780199289,35295.06764899241,917.9798469995148,done,
386,316.18339400050354,34426.97014998598,34589.82022500038,35295.822407036554,706.0021820361726,done,
387,63.873907001648966,34457.35582531695,34498.6476559639,35296.18318293756,797.535526973661,done,
388,318.94953726482754,34487.74150064791,34437.86679697037,35296.513682986144,858.6468860157765,done,
389,316.1691071780064,34518.12717597889,34468.25719100237,35296.806667983066,828.5494769806974,done,
390,317.91470695994315,34548.51285130985,34529.03810399771,35297.101926002186,768.0638220044784,done,
391,314.8305772899344,34578.89852664082,34559.42981797457,35297.397914949805,737.9680969752371,done,
392,313.2626038396834,34609.28420197179,34650.59949594736,35866.61377494177,1216.0142789944075,done,
393,316.24353698197143,34639.66987730275,34620.209887981415,35867.040288992226,1246.830401010811,done,
394,64.29252249496517,34670.05555263372,34680.98917096853,35867.378520951606,1186.3893499830738,done,
395,316.2182775227603,34700.441227964686,34711.37796998024,35868.11624395428,1156.7382739740424,done,
396,63.26775771630317,34730.82690329565,34802.551819980145,35868.38131698547,1065.8294970053248,done,
397,314.8524869138473,34761.21257862662,34832.945304989815,35868.692959027365,1035.7476540375499,done,
398,314.8634990258092,34791.598253957585,34772.160288989544,35869.00692502502,1096.8466360354796,done,
399,63.7299975215426,34821.98392928856,34741.76919597387,35869.30647495622,1127.537278982345,done,
400,62.84709090679844,34852.369604619525,34863.33538997173,36446.0739919818,1582.7386020100676,done,
401,63.05217825066882,34882.75527995049,34924.11457699537,36446.41086295061,1522.2962859552354,done,
402,316.85949900170124,34913.14095528146,34954.50508695841,36447.24177594809,1492.7366889896805,done,
403,62.757818867412375,34943.526630612425,34893.72466701269,36447.60079703946,1553.8761300267652,done,
404,63.851922684994136,34973.91230594339,34984.9329559803,36447.27575399168,1462.3427980113777,done,
405,320.4618654885679,35004.29798127436,35045.71118199825,36448.15855502244,1402.447373024188,done,
406,312.5537743283815,35034.683656605324,35076.10136896372,36448.46776398597,1372.3663950222544,done,
407,64.25586153780458,35065.06933193629,35015.320966005325,36448.82706801547,1433.506102010142,done,
408,310.20965284608235,35095.45500726726,35106.491628944874,36703.882218947634,1597.3905900027603,past_due,
409,318.0740349222471,35125.84068259823,35136.881711006165,36734.682344992645,1597.8006339864803,past_due,
410,318.041735690865,35156.2263579292,35167.27190899849,36764.631526006386,1597.3596170078963,past_due,
411,314.62944833937865,35186.612033260164,35197.66153794527,36795.260367950425,1597.598830005154,past_due,
412,312.3539601237806,35216.99770859113,35228.04988497496,36824.93866900308,1596.888784028124,past_due,
413,63.584746190055775,35247.3833839221,35258.44060999155,36855.324381990824,1596.8837719992734,past_due,
414,63.75283940983387,35327.49107343101,35338.55390894413,36935.13708296185,1596.5831740177236,past_due,
415,316.3548745520929,35407.598762939924,35418.669426977634,37015.4839529898,1596.814526012167,past_due,
416,62.85603597735885,35487.70645244884,35498.78402394056,37095.800734961405,1597.0167110208422,past_due,
417,315.4816186775079,35567.81414195775,35578.898371994495,37175.84430698166,1596.9459349871613,past_due,
418,63.56413378506051,35647.921831466665,35659.01748394966,37255.27941192407,1596.2619279744104,past_due,
419,63.470299495206405,35728.02952097558,35739.13128298521,37336.08550394932,1596.9542209641077,past_due,
420,317.0771239839916,35808.13721048449,35819.24540001154,37415.75547906058,1596.5100790490396,past_due,
421,315.5095690996769,35888.244899993406,35899.35901200771,37496.22047702689,1596.861465019174,past_due,
422,315.88626356128606,35968.35258950232,35979.46991199255,37575.95759698283,1596.4876849902794,past_due,
423,316.5993345284211,36048.46027901123,36059.58401203156,37594.578198050156,1534.9941860185936,done,
424,63.46065639299469,36128.56796852015,36139.6946579814,37736.264894939035,1596.570236957632,past_due,
425,63.59047895510951,36216.68642697996,36227.81954199076,37825.12576901121,1597.3062270204537,past_due,
426,62.9921983080386,36304.80488543976,36315.94389396906,37912.64596598176,1596.702072012704,past_due,
427,317.728802664077,36392.923343899565,36404.06506097317,38000.45455895271,1596.389497979544,past_due,
428,62.90433330025333,36481.04180235937,36492.18699598312,38088.470638965715,1596.2836429825984,past_due,
429,63.57002727777365,36569.160260819175,36580.310914993286,38169.57015000703,1589.259235013742,done,
430,63.97582389271623,36657.27871927898,36756.55782395601,38170.07180295745,1413.5139790014364,done,
431,63.910628708183054,36745.39717773879,36668.43659096956,38170.2983319792,1501.861741009634,done,
432,314.4277421959532,36833.515636198594,36844.682691931725,38441.33875294216,1596.6560610104352,past_due,
433,315.718730272858,36921.6340946584,36932.8079969883,38529.8625039896,1597.0545070013031,past_due,
434,316.4756336602787,37009.75255311821,37020.928837955,38617.057090930175,1596.128252975177,past_due,
435,316.0801459530939,37119.90062619296,37131.08316296339,38728.20690198196,1597.1237390185706,past_due,
436,312.4566208359073,37230.04869926772,37241.23408693075,38742.231626947876,1500.9975400171245,done,
437,63.455316477370815,37340.19677234248,37571.700075984,38742.37966897711,1170.6795929931104,done,
438,315.50082319847115,37450.34484541723,37461.54420495033,38742.64350793557,1281.0993029852398,done,
439,313.0259190136373,37560.49291849198,37351.38842201233,38742.84112895513,1391.4527069428004,done,
440,63.71471159873672,37670.64099156674,37681.8547539711,39278.80930799944,1596.9545540283434,past_due,
441,63.071348172911335,37780.789064641496,37960.910682976246,39311.092313963454,1350.1816309872083,done,
442,311.8410508795761,37890.93713771625,37902.15912199021,39311.86733697216,1409.708214981947,done,
443,314.3543349455574,37949.68277668946,38137.16240900755,39312.05093602836,1174.888527020812,done,
444,63.97127915547837,38008.42841566266,38195.91113495827,39312.3850829592,1116.4739480009302,done,
445,309.6204437108614,38067.17405463586,37792.00629299879,39312.60955302417,1520.603260025382,done,
446,63.52396770770192,38125.91969360907,38078.41030502319,39312.711370059755,1234.301065036561,done,
447,63.7369337124334,38184.66533258227,38019.65910202265,39313.155887999106,1293.4967859764583,done,
448,314.49129173524494,38243.41097155547,38254.66335099936,39851.395890007734,1596.7325390083715,past_due,
449,316.9057779167572,38302.15661052868,38313.41274392605,39884.37413891358,1570.9613949875347,done,
450,315.54837547968583,38360.90224950188,38548.4183549881,39884.85977000091,1336.441415012814,done,
451,312.8105397476922,38419.64788847508,38430.91686600447,39884.98446596414,1454.0675999596715,done,
452,63.06222824154039,38478.39352744829,38665.92198801041,39885.464484033175,1219.5424960227683,done,
453,316.51383777334183,38537.13916642149,38607.169551968575,39885.70673201047,1278.5371800418943,done,
454,315.17395102211395,38595.88480539469,38489.66968601942,39885.94622800499,1396.2765419855714,done,
455,63.17688758718776,38654.6304443679,38372.1650840044,39886.159671997186,1513.9945879927836,done,
456,318.55702372161045,38713.3760833411,38724.6733700037,40321.25375197455,1596.5803819708526,past_due,
457,315.70850712685626,38772.1217223143,38783.42466396093,40380.169738978606,1596.7450750176797,past_due,
458,313.0598361656644,38852.22941182322,38863.537490963936,40460.02612991957,1596.488638955634,past_due,
459,63.033754858119416,38932.33710133213,38943.64847499132,40460.750183965545,1517.1017089742236,done,
460,315.1054586500514,39012.44479084104,39023.76069402695,40461.07097203517,1437.3102780082263,done,
461,62.97433664357997,39092.55248034996,39103.87114298344,40461.37123400392,1357.5000910204835,done,
462,315.0671030440877,39172.66016985887,39183.98783195019,40461.648971968796,1277.6611400186084,done,
463,313.402336953331,39252.76785936779,39264.098865926266,40461.939804969355,1197.8409390430895,done,
464,63.818307284943245,39332.87554887671,39344.21093195677,40941.00826296024,1596.7973310034722,past_due,
465,315.6872158640598,39412.98323838562,39424.32188999653,41020.459588969126,1596.1376989725975,past_due,
466,62.84175467047209,39493.09092789453,39664.66248500347,41036.08226501802,1371.4197800145485,done,
467,313.1316064929349,39573.19861740345,39824.88800495863,41036.1853789445,1211.2973739858717,done,
468,315.95982893211755,39653.30630691236,39904.99979299307,41036.39749799436,1131.397705001291,done,
469,314.4489924957153,39733.41399642127,39744.77425998449,41036.47137498157,1291.6971149970775,done,
470,314.07265373668554,39813.52168593019,39584.54506099224,41036.59920801874,1452.0541470265016,done,
471,62.9705251695965,39893.6293754391,39504.4339799881,41036.68621101882,1532.252231030725,done,
472,62.789723566445865,39973.737064948014,39985.11267697811,41581.843097984325,1596.730421006214,past_due,
473,315.73833797645864,40053.84475445693,40065.22404897213,41604.698940936476,1539.4748919643462,done,
474,314.5129374999082,40133.95244396584,40145.33621799946,41605.26285500545,1459.9266370059922,done,
475,316.2723572624219,40214.06013347476,40225.44818496704,41605.5968179428,1380.1486329757608,done,
476,64.47021381451341,40294.16782298367,40305.5613899827,41605.92791697616,1300.3665269934572,done,
477,64.28030514115818,40374.27551249258,40545.89594697952,41606.5956420023,1060.6996950227767,done,
478,63.89014799008365,40454.383202001496,40465.78447395563,41606.93540491024,1141.150930954609,done,
479,313.1135273858011,40534.49089151041,40385.67289292812,41607.289713942446,1221.6168210143223,done,
480,63.33099841553652,40632.40028979908,40643.8105019927,42179.73650500178,1535.926003009081,done,
481,313.9721106100766,40730.30968808776,40741.725323975086,42179.96948098019,1438.2441570051014,done,
482,317.93990931448764,40828.219086376426,40839.63726198673,42180.32055196492,1340.6832899781875,done,
483,316.6126825225409,40926.1284846651,41035.46451997757,42180.42601993587,1144.961499958299,done,
484,63.38114218805066,41024.03788295377,40937.552189946175,42180.42126591597,1242.869075969793,done,
485,312.9042223193342,41121.94728124245,41231.295145988464,42180.62056897767,949.3254229892044,done,
486,314.0482252730572,41219.85667953112,41133.37658697367,42180.88911097823,1047.51252400456,done,
487,63.289082212005134,41317.7660778198,41329.21085399389,42180.851474961266,851.6406209673733,done,
488,64.20462496642564,41415.67547610847,41427.129256010056,42757.427739032544,1330.2984830224889,done,
489,63.86020214166587,41513.58487439714,41525.04298299551,42757.656898980495,1232.6139159849845,done,
490,64.42711489704831,41611.49427268581,41916.70198094845,42757.83588396199,841.1339030135423,done,
491,64.19693656074418,41709.40367097448,41818.78659898043,42757.95422896603,939.1676299856044,done,
492,63.30154620268434,41807.31306926315,42014.61757797003,42758.04652397707,743.4289460070431,done,
493,63.36150635844669,41905.22246755183,41720.87027400732,42758.273632968776,1037.4033589614558,done,
494,316.195064829821,42003.1318658405,42112.5290389657,42758.40150796762,645.8724690019153,done,
495,319.3806690194024,42101.04126412917,41622.95687097311,42758.44488698011,1135.4880160070024,done,
496,62.650408654670926,42198.95066241785,42381.78721797466,43331.39889401663,949.6116760419682,done,
497,314.50235383130314,42296.86006070652,42210.44041597843,43331.70955497399,1121.269138995558,done,
498,63.67436845729036,42370.29210942302,42308.35273402929,43331.834660036955,1023.481926007662,done,
499,315.25465857979344,42443.72415813952,42528.65947395563,43331.79035698064,803.1308830250055,done,
500,63.404122225494405,42517.15620685603,42455.22130894661,43332.04412893811,876.8228199915029,done,
501,62.82410357176537,42590.58825557253,42602.09741997719,43332.055980993435,729.9585610162467,done,
502,315.2362513838604,42664.02030428904,42675.53427398205,43332.262309985235,656.7280360031873,done,
503,317.09330684399976,42737.452353005545,42748.96913301945,43332.427163033746,583.4580300142989,done,
504,314.74422242557614,42810.88440172205,42895.84333598614,43876.68133099796,980.8379950118252,done,
505,318.4778711626072,42884.31645043855,42822.4045009613,43877.79766395967,1055.3931629983708,done,
506,64.18032771181757,42957.74849915505,43042.71961593628,43878.08417891944,835.364562983159,done,
507,316.11347788665864,43031.180547871554,43116.15786200762,43878.42638499476,762.2685229871422,done,
508,314.41777512997464,43104.612596588064,43189.59630298615,43878.75285401662,689.1565510304645,done,
509,64.64720580388187,43178.044645304566,42969.28113400936,43879.12927601719,909.8481420078316,done,
510,315.30017022395526,43275.95404359324,43287.507746994495,43879.414074981585,591.9063279870898,done,
511,62.60953309780349,43373.86344188191,43385.41927397251,44336.36731793173,950.9480439592152,done,
512,63.77721156555145,43471.77284017058,43483.33072400093,44336.61390497256,853.2831809716299,done,
513,62.23569206965725,43569.68223845926,43581.24204593897,44336.88946792809,755.6474219891243,done,
514,63.03668092286801,43667.59163674793,43777.07069897652,44336.87145001814,559.800751041621,done,
515,317.7750513807921,43765.50103503661,43679.15430599451,44337.11325201066,657.9589460161515,done,
516,314.9902032518302,43863.41043332528,43972.90275895596,44839.04876895343,866.1460099974647,done,
517,314.3870732094538,43961.31983161395,44158.94280797243,44839.79417801043,680.851370037999,done,
518,63.47487356184555,44059.22922990262,44070.81790399552,44840.207606002696,769.3897020071745,done,
519,317.6372904247896,44147.34768836242,44335.19576001167,44840.52384499414,505.328084982466,done,
520,317.9588095349457,44235.46614682223,44247.06934195757,44840.79444898572,593.7251070281491,done,
521,316.0034568446296,44323.58460528204,43874.98761498928,44841.152560963295,966.1649459740148,done,
522,63.79081945285626,44411.70306374184,44511.447632968426,45305.30517396191,793.8575409934856,done,
523,315.0288149364523,44499.82152220165,44599.569267988205,45305.67026102124,706.1009930330329,done,
524,314.5587550547165,44587.93998066145,44687.698123931885,45306.027625933755,618.3295020018704,done,
525,63.18721673308243,44676.05843912126,44423.321673989296,45306.15941696381,882.837742974516,done,
526,318.4012082157224,44764.17689758106,44775.81950098276,45306.438647983596,530.6191470008343,done,
527,64.03747015203187,44852.295356040864,45019.85046797991,45837.81864000112,817.9681720212102,done,
528,63.34032941509874,44940.41381450067,44863.942960977554,45837.88270096015,973.9397399825976,done,
529,62.93162001274328,45008.19724408514,45155.429507017136,45838.02517700754,682.5956699904054,done,
530,310.4141332055513,45075.980673669605,45087.640020012856,45838.110596005805,750.4705759929493,done,
531,64.04307855218208,45143.76410325407,45223.22674494982,45838.28715093015,615.06040598033,done,
532,314.27546804053986,45211.54753283854,44952.064463973045,45838.504651956726,886.4401879836805,done,
533,312.0379957494211,45279.330962423,45291.016251027584,45838.47217302956,547.4559220019728,done,
534,63.14281291932637,45347.11439200747,45358.80719399452,46411.12110100826,1052.3139070137404,done,
535,316.89109226927496,45414.897821591934,45494.38445299864,46411.62743705325,917.24298405461,done,
536,315.0948472570782,45482.6812511764,45562.17516297102,46412.093044918496,849.9178819474764,done,
537,63.64564431216575,45550.46468076087,45629.96466898918,46412.33858802449,782.3739190353081,done,
538,63.21091742814996,45618.24811034533,45426.59693002701,46412.580851009116,985.9839209821076,done,
539,315.45256836204464,45686.0315399298,45697.752301990986,46412.86936402554,715.117062034551,done,
540,63.9854191092415,45753.81496951426,45765.5421859622,46413.00627494138,647.4640889791772,done,
541,315.9181422626254,45821.59839909873,45833.33187997341,46413.2165270159,579.8846470424905,done,
542,63.33341208435092,45931.74647217349,45943.48671799898,46873.58409399539,930.0973759964108,done,
543,62.61766288319576,46041.89454524824,46163.79101598263,46874.33083798364,710.5398220010102,done,
544,64.97436335947546,46152.042618323,46273.94558596611,46874.48731695954,600.5417309934273,done,
545,313.9251852542722,46262.19069139776,46053.639916956425,46874.82744096499,821.1875240085647,done,
546,315.63313054328376,46372.33876447251,46384.09812200069,46875.08304695319,490.9849249524996,done,
547,316.3781794836253,46482.48683754727,46714.5569459796,47300.9360989933,586.379153013695,done,
548,314.53599723431114,46592.63491062202,46604.40393894911,47301.58457692247,697.1806379733607,done,
549,62.688369778287374,46702.78298369678,46802.68068295717,47301.89859492984,499.2179119726643,done,
550,62.91626519778828,46790.90144215658,46494.25160497427,47302.20546494471,807.9538599704392,done,
551,311.5208293731979,46879.01990061639,46890.80424398184,47762.33314694604,871.5289029642008,done,
552,63.6824657925129,46967.1383590762,47155.17761301994,47762.57992599672,607.4023129767738,done,
553,315.3214215942636,47055.256817536,47067.05296695232,47762.67662496771,695.6236580153927,done,
554,63.44798724780843,47143.3752759958,47243.30369096994,47762.755361958865,519.4516709889285,done,
555,314.6615291271185,47231.49373445561,46978.92938393354,47762.89931995281,783.9699360192753,done,
556,312.6271418540932,47319.61219291542,47331.42723798752,48225.648144995794,894.2209070082754,done,
557,314.71112622623656,47407.73065137522,47507.6789329648,48225.72798001394,718.049047049135,done,
558,313.1784778287344,47495.84910983502,47595.799938976765,48226.01921701897,630.2192780422047,done,
559,63.82154818578535,47583.96756829483,47419.553559958935,48225.98816499673,806.4346050377935,done,
560,315.9704444138109,47709.85108038026,47721.68611598015,48226.18921202654,504.5030960463919,done,
561,316.1351412188588,47835.734592465706,47847.57197898626,48616.06641201116,768.4944330248982,done,
562,63.06501448062715,47961.61810455114,48099.34956598282,48616.37750897044,517.0279429876246,done,
563,62.98227168421766,48087.501616636575,47973.45921498537,48616.657728993334,643.1985140079632,done,
564,63.29657939762654,48213.38512872201,48225.23486298323,49044.92353203986,819.6886690566316,done,
565,317.5363355123091,48339.26864080745,48351.123395979404,49045.43620099826,694.3128050188534,done,
566,64.22436596976685,48465.152152892886,48565.13401097059,49045.70774296904,480.57373199844733,done,
567,63.66851534125982,48553.270611352695,48477.01139199734,49046.10839304468,569.0970010473393,done,
568,311.401769855969,48641.389069812496,48829.5123359561,49513.58791098697,684.0755750308745,done,
569,312.9239031906815,48729.5075282723,48741.386753976345,49513.987548944075,772.6007949677296,done,
570,63.773628376269066,48817.625986732106,48653.26384097338,49514.50015497161,861.2363139982335,done,
571,62.27124879608956,48905.74444519192,49005.75920796394,49514.752737969626,508.9935300056823,done,
572,319.7987024317536,48993.86290365172,48917.63607901335,49515.15532703884,597.5192480254918,done,
573,315.90809493056764,49081.98136211152,49182.00797098875,49976.84042301448,794.8324520257302,done,
574,313.9494305665964,49170.099820571326,49270.13174796104,49977.269227931734,707.1374799706973,done,
575,63.08695147348494,49258.218279031134,49093.882648944855,49977.954486939125,884.07183799427,done,
576,314.56959461430887,49346.336737490936,49358.25700098276,49978.27451298572,620.0175120029598,done,
577,63.9030179242878,49456.48481056569,49468.40915197134,49978.67587694526,510.266724973917,done,
578,314.43899888234904,49566.63288364045,49578.563306987286,50401.614083018154,823.0507760308683,done,
579,63.34784561281377,49676.78095671521,49688.715297997,50402.03009200096,713.3147940039635,done,
580,63.83361476333665,49786.92902978996,49798.86771792173,50402.546746901695,603.6790289799683,done,
581,63.173755587629984,49897.07710286472,49909.01957201958,50402.8964749882,493.87690296862274,done,
582,311.2645624327456,50007.22517593947,50019.16936302185,50861.11856001988,841.94919699803,done,
583,313.87584086023946,50117.37324901423,50129.3214379549,50861.67012991803,732.348691963125,done,
584,312.6979381299809,50227.521322088985,50319.58961701393,50861.9463330172,542.356716003269,done,
585,63.67726570354383,50307.6290115979,50399.7034419775,50862.46041299123,462.75697101373225,done,
586,63.47255229623362,50387.73670110681,50239.4743129611,50862.805021961685,623.3307090005837,done,
587,63.35296167571659,50467.844390615726,50559.93476498127,51318.94246197492,759.007696993649,done,
588,63.22800735393164,50547.95208012464,50479.81749898195,51319.210202998016,839.3927040160634,done,
589,62.68085322843506,50628.05976963355,50800.2691449523,51319.42018897226,519.1510440199636,done,
590,312.58307663503734,50708.16745914248,50720.15533101559,51319.80398605857,599.6486550429836,done,
591,64.33070681566616,50788.27514865139,50640.04407894611,51320.02540091565,679.9813219695352,done,
592,314.34348403957733,50868.3828381603,50960.49267500639,51816.75152700627,856.2588519998826,done,
593,63.22488432837304,50948.490527669215,51040.612631976604,51817.337752993684,776.7251210170798,done,
594,63.43184741356733,51028.59821717813,51120.726054012775,51817.829425041564,697.1033710287884,done,
595,315.05865767566445,51108.70590668704,50880.38025099039,51818.30782997375,937.9275789833628,done,
596,63.2834604156724,51196.82436514685,51208.84784495831,51818.65401995276,609.8061749944463,done,
597,63.27799570009577,51284.94282360665,51296.97083294392,51818.93272391987,521.9618909759447,done,
598,314.7862193877282,51373.06128206645,51561.34047096968,52284.190788978245,722.8503180085681,done,
599,315.2261682014083,51461.17974052626,51737.586143016815,52284.572591013275,546.9864479964599,done,
600,312.6068650702595,51549.29819898607,51473.21757596731,52285.00636397442,811.7887880071066,done,
601,315.6001371496994,51637.41665744587,51385.09537899494,52285.28658204572,900.191203050781,done,
602,318.6418417393671,51725.53511590567,51649.46240794659,52285.65814895835,636.1957410117611,done,
603,314.609878191116,51813.65357436548,51825.70699197054,52745.5850269394,919.8780349688604,done,
604,315.6221096057925,51901.77203282529,52099.873865008354,52745.86739506014,645.9935300517827,done,
605,63.11997438194465,51989.89049128509,52197.78985595703,52746.15677296324,548.3669170062058,done,
606,63.384086354945055,52087.79988957376,51913.83590000868,52746.466033032164,832.6301330234855,done,
607,63.458015398524246,52185.70928786244,52001.95994096994,52746.84374392218,744.8838029522449,done,
608,62.57986090582157,52283.61868615111,52393.61535197496,53208.269244976334,814.6538930013776,done,
609,315.7483183422101,52381.52808443978,52295.70111495256,53208.679770960465,912.9786560079084,done,
610,64.14649790456613,52479.437482728456,52687.35910397768,53208.82052298216,521.4614190044813,done,
611,314.6192461518978,52577.346881017125,52589.44600999355,53209.05688799219,619.6108779986389,done,
612,315.8220275548589,52675.2562793058,52491.53047895432,53209.24189898559,717.7114200312644,done,
613,62.51837213478859,52773.16567759447,52883.18676799536,53667.60960199172,784.4228339963593,done,
614,313.1624666957009,52871.07507588314,52785.272497951984,53668.07660993701,882.8041119850241,done,
615,63.57262522235277,52959.19353434295,53147.5534979701,53668.749175952275,521.1956779821776,done,
616,63.700322640443495,53047.31199280275,53059.43272095919,53669.057130949106,609.6244099899195,done,
617,313.28098922253247,53135.43045126256,52971.3086310029,53669.45733897854,698.1487079756334,done,
618,63.49494963520855,53223.54890972236,53235.68164396286,54133.6859789649,898.0043350020424,done,
619,318.300246934484,53311.66736818217,53411.928393006325,54134.34311497398,722.4147219676524,done,
620,317.38640274690886,53399.78582664198,53323.80409497023,54134.832377011895,811.0282820416614,done,
621,62.64339046792066,53487.90428510178,53500.05294299126,54135.10262999125,635.0496869999915,done,
622,314.9803676793489,53576.02274356159,53588.175069987774,54135.54041702766,547.3653470398858,done,
623,63.60307955648726,53664.14120202139,53676.299897015095,54634.43668901874,958.1367920036428,done,
624,314.8968160867824,53752.2596604812,53852.54632997513,54634.74789094599,782.2015609708615,done,
625,317.2555158398318,53840.37811894101,53764.4215669632,54634.97190799425,870.5503410310484,done,
626,310.5900307902204,53928.49657740081,53940.67261296511,54634.977988998406,694.3053760332987,done,
627,315.4705574560856,54016.61503586061,54028.79909294844,54635.09055491723,606.2914619687945,done,
628,314.8085118698865,54104.73349432042,54116.924952983856,54635.18091801135,518.2559650274925,done,
629,63.914066308984005,54192.85195278023,54469.41944003105,55096.289772025775,626.8703319947235,done,
630,314.1322953159415,54280.97041124003,54381.29678696394,55096.41868198058,715.1218950166367,done,
631,63.47982915137278,54369.08886969983,54293.17520296574,55096.559207941405,803.3840049756691,done,
632,64.31712233770646,54457.20732815964,54557.5411349535,55096.75848298939,539.2173480358906,done,
633,315.1529650126263,54545.32578661945,54205.04978299141,55096.783124958165,891.7333419667557,done,
634,315.1323161746042,54633.44424507925,54645.66222298145,55557.84919397393,912.1869709924796,done,
635,314.2629526430762,54743.592318154006,54976.11320000887,55558.11349604791,582.0002960390411,done,
636,63.484844026781325,54853.74039122876,54755.81264299154,55558.235032961704,802.422389970161,done,
637,62.83782149128157,54963.88846430352,54865.96317392588,55558.337516920175,692.3743429942988,done,
638,62.70870199612517,55074.03653737828,55086.26380097866,55558.44036700018,472.1765660215169,done,
639,63.69126882270915,55184.18461045304,55526.86559993029,55985.64386492083,458.7782649905421,done,
640,310.9276709176367,55294.33268352779,55416.71538299322,55985.77090700762,569.0555240144022,done,
641,316.62533024926694,55404.48075660255,55306.565329015255,55985.988308025524,679.422979010269,done,
642,314.9247928081094,55514.628829677305,55196.41481393576,55986.09682790795,789.6820139721967,done,
643,316.9184659524684,55612.538227965975,55722.68903595209,56413.70426295139,691.0152269992977,done,
644,63.5933199397897,55710.44762625465,55820.60048997402,56413.850741989445,593.250252015423,done,
645,313.4684535224381,55808.35702454332,55918.51198798418,56414.05103498278,495.5390469986014,done,
646,63.33549572273224,55906.26642283199,55624.776711940765,56414.177549965214,789.4008380244486,done,
647,63.80075579415394,56004.17582112067,56212.24769198895,56880.642666014384,668.394974025432,done,
648,63.3227553419171,56102.08521940934,56114.33492696285,56881.08379896637,766.748872003518,done,
649,63.2863489460308,56199.99461769801,56016.4235419631,56881.73551301379,865.3119710506871,done,
650,63.99497828803072,56297.904015986685,56310.16163301468,56882.02623802284,571.8646050081588,done,
651,318.3387039864825,56395.81341427536,56408.08068293333,56882.37013192335,474.2894489900209,done,
652,316.7780406571869,56521.69692636079,56785.75318598747,57271.99165797653,486.23847198905423,done,
653,63.41650296290531,56647.580438446224,56659.86303597689,57272.3120120028,612.4489760259166,done,
654,63.87799197308919,56773.46395053166,56533.96853893995,57272.992000936065,739.023461996112,done,
655,319.9482707767844,56899.3474626171,56911.641750991344,57667.30195101723,755.6602000258863,done,
656,317.79499896032115,57025.230974702536,57163.42369294167,57667.678693909205,504.2550009675324,done,
657,311.1021583336973,57151.11448678797,57037.531916975975,57668.21325197071,630.6813349947333,done,
658,316.1243727641196,57276.997998873405,57485.139922976494,58094.121501005255,608.9815780287609,done,
659,63.6659145720206,57374.90739716208,57387.228289961815,58094.3637229437,707.135432981886,done,
660,63.20077122152759,57472.81679545075,57289.31092399359,58094.83834302006,805.5274190264754,done,
661,312.1053560305837,57570.72619373942,57583.05688202381,58095.02867498668,511.97179296286777,done,
662,63.29152477510696,57668.6355920281,57680.97047895193,58555.3339839424,874.3635049904697,done,
663,313.86260300897976,57766.54499031677,57974.71759796143,58555.647545978434,580.9299480170012,done,
664,63.12582554967417,57864.454388605445,57778.88796502352,58555.89420506125,777.0062400377356,done,
665,63.550863796444126,57962.36378689412,58072.629961013794,58556.43290700717,483.80294599337503,done,
666,315.03740424318136,58060.27318518279,57876.80134600401,58556.63912997721,679.8377839731984,done,
667,320.1667235737429,58158.18258347146,58170.54728496075,59061.07504091412,890.5277559533715,done,
668,316.41086610650865,58231.61463218797,58464.30213594437,59061.317844920326,597.0157089759596,done,
669,64.70830126346728,58305.04668090448,58390.8633390069,59061.44851899939,670.5851799924858,done,
670,315.3716206523826,58378.478729620976,58317.42434197664,59061.61297194054,744.1886299639009,done,
671,311.0280783993752,58451.91077833748,58243.98734992743,59061.76400494902,817.7766550215892,done,
672,63.03083957520264,58525.34282705398,58537.740698993206,59061.86173702683,524.121038033627,done,
673,317.2200842689115,58598.77487577048,58831.490579009056,59601.89609404793,770.405515038874,done,
674,62.55281041815971,58672.20692448699,58611.18048399687,59602.10371197201,990.923227975145,done,
675,64.49205413867361,58745.638973203495,58758.05332094431,59602.571857937146,844.5185369928367,done,
676,316.71380769039484,58819.07102192,58904.93015295267,59602.72026093351,697.7901079808362,done,
677,319.0961587809017,58892.50307063651,58684.61648100615,59603.00181002217,918.3853290160188,done,
678,63.57532830473209,58965.93511935301,58978.36773395538,59603.10096795438,624.7332339989953,done,
679,315.75985448432976,59039.36716806951,59051.80276095867,59603.366070929915,551.5633099712431,done,
680,311.95740640582056,59119.474857578425,59452.36006295681,60103.916690956336,651.5566279995255,done,
681,317.57721017033333,59199.58254708734,59292.1385679841,60104.01237194705,811.8738039629534,done,
682,317.3090493020362,59279.69023659625,59372.25035697222,60104.30022797547,732.0498710032552,done,
683,312.74190577466715,59359.797926105166,59532.47150695324,60104.49308195757,572.021575004328,done,
684,64.21312161493485,59439.90561561408,59212.02405095101,60104.84769796022,892.8236470092088,done,
685,317.65990460732604,59520.013305123,59131.91360098124,60105.013510005556,973.0999090243132,done,
686,317.42588791540885,59600.12099463192,59612.58335798979,60642.06003598869,1029.4766779989004,done,
687,313.4303906025936,59680.22868414083,59692.695513010025,60642.923869009595,950.2283559995705,done,
688,316.76523785969914,59760.33637364974,59933.038533985615,60643.21348900581,710.174955020193,done,
689,315.1421989101479,59840.444063158655,59772.81164997816,60643.432917975355,870.6212679971941,done,
690,63.92639613657939,59920.55175266757,60006.47579598427,60643.767717985436,637.2919220011681,done,
691,315.51965672887223,59993.98380138407,59852.92324095965,60644.0795259364,791.1562849767506,done,
692,63.039656349298895,60067.41585010057,60079.91544902325,60644.10344301723,564.1879939939827,done,
693,314.1982572512589,60140.84789881708,60226.821810007095,61183.60081902938,956.7790090222844,done,
694,318.4397612172416,60214.27994753359,60153.38407498598,61183.89913696842,1030.5150619824415,done,
695,62.90837802416725,60287.71199625009,60300.26024699211,61184.39278201433,884.1325350222178,done,
696,62.87347373888321,60361.1440449666,60594.00669795275,61184.743974954356,590.7372770016082,done,
697,313.82278308382087,60434.5760936831,60447.13423299789,61185.12970800464,737.9954750067554,done,
698,62.41624453973748,60508.0081423996,60520.5698210001,61185.46374002006,664.8939190199599,done,
699,315.9937381702035,60581.4401911161,60373.6962479949,61185.80536597315,812.1091179782525,done,
700,63.78360061562319,60654.872239832606,60740.88030099869,61718.8851760095,978.0048750108108,done,
701,63.7941107787077,60728.30428854912,60814.31726795435,61719.127882954665,904.810615000315,done,
702,317.4638984798302,60801.73633726562,60667.44330996275,61719.40078498423,1051.9574750214815,done,
703,314.0227986579764,60875.16838598212,61108.0725479722,61719.415131988004,611.3425840158015,done,
704,62.44887259455008,60948.60043469863,61034.63342094421,61719.53324695443,684.8998260102235,done,
705,313.3076746098936,61022.03248341513,60887.75170195103,61719.788368930575,832.0366669795476,done,
706,317.4975703057955,61095.46453213164,60961.19237494469,61719.73758494761,758.5452100029215,done,
707,317.17368404676034,61168.89658084814,61328.38918298483,62292.786146986764,964.396964001935,done,
708,63.93043171872793,61242.32862956464,61181.51129001379,62292.802243019454,1111.290953005664,done,
709,62.89658997211521,61315.76067828115,61401.82967096567,62293.16197093809,891.3322999724187,done,
710,64.34410368173175,61389.19272699765,61254.94936597347,62293.2496319972,1038.300266023725,done,
711,316.9629769646795,61462.62477571416,61548.708486020565,62293.374697036576,744.6662110160105,done,
712,62.92430502933495,61536.05682443066,61622.14317399264,62293.60543697328,671.4622629806399,done,
713,63.694406419264176,61609.488873147166,61695.579582989216,62293.86897599418,598.2893930049613,done,
714,63.66273045550897,61682.92092186367,61475.26931095123,62293.84964298876,818.5803320375271,done,
715,63.084121452457154,61741.66656083687,61871.82397598028,62868.4269269472,996.602950966917,done,
716,62.73266627134687,61800.41219981008,61754.32708597183,62868.68502595136,1114.3579399795271,done,
717,63.74284336839542,61859.15783878328,61813.07549595833,62868.799188947305,1055.7236929889768,done,
718,312.84678401933905,61917.90347775648,62048.070163965225,62868.89651194075,820.826347975526,done,
719,318.2001036809144,61976.64911672968,62106.81787794829,62869.19235698088,762.3744790325873,done,
720,62.88892719877978,62035.39475570289,61989.32164698839,62869.30430000415,879.9826530157588,done,
721,316.81682104643176,62094.14039467609,62165.56564295292,62869.402061932255,703.8364189793356,done,
722,63.10490517168605,62152.8860336493,61930.57348996401,62869.522260949016,938.9487709850072,done,
723,63.59836002889198,62211.631672622505,62224.31403493881,63441.92322892975,1217.6091939909384,done,
724,315.80374447673853,62270.37731159571,62400.55817997456,63442.30487596617,1041.7466959916057,done,
725,317.0144824228385,62329.12295056891,62518.05427700281,63442.476012983825,924.4217359810136,done,
726,64.52570401654316,62387.86858954212,62341.8105610013,63442.61951498408,1100.808953982778,done,
727,316.0248561767749,62446.61422851532,62686.9526809454,63442.933883939404,755.9812029940076,done,
728,315.981546748848,62505.35986748852,62283.06246995926,63443.107664980926,1160.0451950216666,done,
729,313.6724108057201,62564.105506461725,62576.80183297396,63443.28045493364,866.4786219596863,done,
730,62.54091552253409,62674.25357953648,62459.30593699217,63443.431118966546,984.1251819743776,done,
731,62.65891771391902,62784.40165261124,62907.25329297781,63939.33281594142,1032.079522963613,done,
732,63.58018683657516,62894.549725686,62797.10298597813,63939.63281299686,1142.529827018734,done,
733,314.8738256670666,63004.69779876075,63237.70428001881,63939.75688198116,702.0526019623503,done,
734,63.71096289532647,63114.8458718355,63017.40376996994,63939.96371098282,922.559941012878,done,
735,64.37582180030753,63224.99394491026,63127.554028987885,63940.07483298797,812.5208040000871,done,
736,62.50673342037931,63335.14201798502,63347.85420697928,63940.19637600333,592.3421690240502,done,
737,62.66651150671298,63445.290091059775,63458.00593197346,64437.82570799813,979.8197760246694,done,
738,313.5722774600128,63533.408549519576,63722.37470501661,64437.98862100905,715.6139159924351,done,
739,63.11713981978797,63621.527007979385,63634.2542129755,64438.02968199132,803.7754690158181,done,
740,313.48411896316003,63709.64546643919,63810.49564498663,64438.221042979974,627.7253979933448,done,
741,312.227865356557,63797.763924898994,63546.12891495228,64438.26355496887,892.134640016593,done,
742,314.764884681726,63885.8823833588,63898.61656296253,64438.42344796704,539.8068850045092,done,
743,314.3960758818933,63974.000841818604,64162.97934097052,64897.177936949774,734.198595979251,done,
744,63.631310453689714,64062.11930027841,64251.09985095263,64897.67825094099,646.578399988357,done,
745,64.11698339955866,64150.23775873821,64339.22053402662,64897.90766005777,558.6871260311455,done,
746,63.111321177789605,64238.356217198016,63986.73793298006,64898.16422996158,911.4262969815172,done,
747,63.7240661078098,64326.474675657824,64074.858421981335,64898.40479398612,823.5463720047846,done,
748,62.95622007748192,64424.384073946494,64535.04366993904,65360.86171890376,825.8180489647202,done,
749,316.3982528430223,64522.29347223517,64730.86953097582,65361.69887099741,630.8293400215916,done,
750,313.29548365754016,64620.20287052384,64828.78394198418,65362.087602033745,533.3036600495689,done,
751,312.4833286706547,64718.11226881252,64437.13208395243,65362.47212494677,925.3400409943424,done,
752,316.28321623005047,64816.02166710119,64632.95576095581,65362.84153294284,729.8857719870284,done,
753,63.49748469378004,64913.931065389865,65024.61193096638,65823.90253393492,799.29060296854,done,
754,63.219122796619466,65011.84046367853,65122.52692902088,65824.23216204019,701.705233019311,done,
755,62.74488252558361,65109.74986196721,65293.878270983696,65824.32965099113,530.4513800074346,done,
756,316.5602198822738,65207.65926025588,65220.44120395184,65824.42768195504,603.9864780032076,done,
757,315.77152270877065,65281.09130897238,64926.69731998444,65824.56966597214,897.8723459877074,done,
758,64.08102910240943,65354.52335768889,65367.31194198132,66359.80492096627,992.4929789849556,done,
759,63.90645143792474,65427.9554064054,65514.1910020113,66359.88140898664,845.6904069753364,done,
760,63.4656281054687,65501.3874551219,65587.62995100021,66360.12685600342,772.4969050032087,done,
761,315.4426711462914,65574.8195038384,65440.75160002709,66360.24701002194,919.4954099948518,done,
762,62.47857186215422,65648.25155255491,65734.49891602993,66360.46707404219,625.968158012256,done,
763,63.29415740386776,65721.68360127142,65807.93334496021,66360.56710894965,552.6337639894336,done,
764,316.3206403476799,65795.11564998791,65661.0648329854,66360.64201400336,699.5771810179576,done,
765,63.492579718651335,65868.54769870442,65954.80155295134,66939.5194589966,984.7179060452618,done,
766,316.0357237574038,65941.97974742093,65881.36737298965,66939.65143797733,1058.2840649876744,done,
767,313.900656137244,66015.41179613743,66101.67561292648,66939.76033695973,838.0847240332514,done,
768,318.1023862090981,66088.84384485394,66145.73766195774,66939.87000393774,794.1323419800028,done,
769,318.17279032440536,66132.90307408384,66233.86072695255,66939.97041696683,706.1096900142729,done,
770,316.48811183112423,66176.96230331375,66189.79957097769,66940.07173894066,750.2721679629758,done,
771,64.44674480332041,66221.02153254364,66028.23575097322,66940.18265197705,911.94690100383,done,
772,315.7927226328547,66265.08076177354,66277.92174100876,66940.27531099971,662.3535699909553,done,
773,63.07475361819138,66309.13999100345,66366.04546093941,67505.66067891987,1139.615217980463,done,
774,62.860152907383984,66353.19922023335,66454.1685410142,67506.00355503336,1051.8350140191617,done,
775,315.07571118370413,66397.25844946325,66498.23242795467,67506.17382491985,1007.9413969651796,done,
776,63.21622346099549,66441.31767869316,66321.9835010171,67506.32618500851,1184.3426839914173,done,
777,312.1720432153893,66485.37690792306,66630.41645896435,67506.64559800923,876.2291390448809,done,
778,63.52956022878833,66529.43613715295,66410.10690099001,67506.81215399317,1096.7052530031651,done,
779,309.9904466192032,66573.49536638286,66542.29403996468,67506.89545994718,964.6014199825004,done,
780,313.6458212092496,66617.55459561276,66586.35544496775,67507.11831199424,920.7628670264968,done,
781,316.3321009761971,66661.61382484267,66762.60040795803,68085.53418397112,1322.9337760130877,done,
782,63.43437147505274,66705.67305407257,66806.66238999367,68084.55548300082,1277.893093007151,done,
783,63.82972378386156,66749.73228330247,66674.47778600454,68085.9210770037,1411.4432909991592,done,
784,314.9148950453809,66793.79151253238,66718.53942096233,68086.07905199053,1367.539631028194,done,
785,315.7284853750266,66837.85074176227,66894.78682398796,68086.19624199811,1191.4094180101529,done,
786,63.386590070064365,66881.90997099217,66982.90905195475,68086.4231669316,1103.5141149768606,done,
787,63.42924981856962,66925.96920022208,66938.84813302755,68086.51326003345,1147.6651270058935,done,
788,319.0202575636869,66970.02842945198,66850.72438400984,68086.68676699325,1235.9623829834163,done,
789,62.69597431311001,67050.1361189609,67303.34789395332,68650.55510892766,1347.2072149743326,done,
790,63.01696747008552,67130.24380846981,67383.45891594887,68650.72418396827,1267.2652680194003,done,
791,62.99890852006542,67210.35149797873,67143.12753498554,68651.14979595412,1508.0222609685734,done,
792,62.751400080911175,67290.45918748764,67463.5695399642,68651.24667798355,1187.6771380193532,done,
793,63.94832068458838,67370.56687699656,67223.2370929718,68651.45257099485,1428.2154780230485,done,
794,62.90012773052941,67450.67456650546,67623.79148602486,68651.54723200249,1027.755745977629,done,
795,313.75891062038806,67530.78225601438,67063.01827597618,68651.73578398954,1588.7175080133602,done,
796,64.56269000526382,67610.88994552329,67543.68061798811,68651.82402199786,1108.143404009752,done,
797,63.81508032787906,67690.99763503221,67864.12739896774,69225.18334896164,1361.0559499938972,done,
798,314.72072144478784,67771.10532454112,67784.01600694656,69225.42606593948,1441.4100589929149,done,
799,63.27550466883842,67851.21301405004,68304.73959898949,69225.6295609884,920.8899619989096,done,
800,312.991627885107,67961.3610871248,68084.4312710166,69225.75749003468,1141.326219018083,done,
801,316.7903124098552,68071.50916019955,68194.58506596088,69225.84938097093,1031.2643150100484,done,
802,315.2722759885546,68181.65723327431,67703.90492898226,69225.89910000609,1521.9941710238345,done,
803,63.17066174153401,68291.80530634907,67974.28025197983,69226.06905896496,1251.7888069851324,done,
804,317.8424199661114,68401.95337942382,68414.89303600788,69226.14697296917,811.2539369612932,done,
805,315.1226310715374,68512.10145249858,68635.19907295704,69761.75682399189,1126.557751034852,done,
806,63.41377468221098,68622.24952557334,68855.50602298975,69762.09064398939,906.584620999638,done,
807,313.8504957742495,68732.3975986481,68745.35443097353,69762.12240900146,1016.7679780279286,done,
808,63.35843934719569,68842.54567172285,69185.95825994015,69762.33216598956,576.3739060494117,done,
809,316.7007054701165,68952.69374479761,68965.65640199184,69762.53264897456,796.8762469827197,done,
810,63.156442833332655,69062.84181787237,69075.8073849678,69762.6359689706,686.8285840027966,done,
811,314.0594276925787,69172.98989094712,68525.04652899504,69762.6182830222,1237.571754027158,done,
812,63.23905360825344,69283.13796402187,69406.2596359849,70224.91185302846,818.6522170435637,done,
813,316.04593839631434,69393.28603709662,69516.410548985,70225.1481999876,708.7376510025933,done,
814,63.10111408872199,69503.43411017138,69296.10896402597,70225.26724899514,929.1582849691622,done,
815,313.33817615623576,69613.58218324614,69626.56064498425,70225.36908396706,598.8084389828146,done,
816,64.5976357857372,69693.68987275506,69706.6708419919,70225.51787700318,518.8470350112766,done,
817,319.3076856979701,69773.79756226396,70027.11221796274,70729.21661397489,702.104396012146,done,
818,63.07754783177306,69853.90525177289,69947.00178301334,70729.43080497114,782.4290219577961,done,
819,64.13958292992334,69934.01294128179,69866.89182692766,70729.63733291812,862.7455059904605,done,
820,313.9980996635863,70014.12063079071,69786.78160202503,70729.75756007759,942.975958052557,done,
821,63.75610185159315,70094.22832029962,70187.3327639699,70729.85617699334,542.5234130234458,done,
822,63.74684870247079,70174.33600980854,70107.22257995605,70729.95931592397,622.7367359679192,done,
823,313.71845708856523,70254.44369931745,70570.7177489996,71268.82813299308,698.1103839934804,done,
824,316.6733151361436,70334.55138882637,70507.77391797304,71269.03430493688,761.2603869638406,done,
825,63.39665980396855,70414.65907833527,70696.60610502958,71269.27099401271,572.6648889831267,done,
826,314.16581330503124,70494.7667678442,70427.66332298517,71269.39187301788,841.7285500327125,done,
827,313.4572414593691,70557.70852388692,70347.5535159707,71269.4972649808,921.9437490100972,done,
828,63.30682813230199,70620.65027992963,70267.44380998611,71269.57066698419,1002.1268569980748,done,
829,318.52277150456075,70683.59203597235,70633.66229999065,71269.69239998562,636.0300999949686,done,
830,62.88519748401019,70746.53379201506,70885.43851697445,71842.28542598989,956.8469090154396,done,
831,62.88109520082451,70809.47554805779,70822.49458903074,71842.61952003557,1020.1249310048296,done,
832,317.0290760767048,70872.4173041005,70759.54984402657,71842.73039101996,1083.1805469933895,done,
833,63.53732985640127,70935.35906014322,71200.15826499462,71842.83301500278,642.6747500081547,done,
834,63.625794027178905,70998.30081618595,71137.21433997154,71842.93524699053,705.7209070189856,done,
835,313.83803422534834,71061.24257222866,71011.32685995102,71843.03848493285,831.7116249818355,done,
836,315.6109457533796,71124.18432827138,71074.27059298754,71843.14979494922,768.8792019616812,done,
837,62.35512559686149,71187.12608431409,70948.38321501017,71843.25445002038,894.8712350102141,done,
838,63.437185949496175,71250.06784035682,71388.99496793747,72415.76964288251,1026.774674945045,done,
839,64.05528035704404,71313.00959639953,71263.10210597515,72416.30544901639,1153.2033430412412,done,
840,316.93340685595376,71375.95135244225,71629.32559901476,72416.52310902812,787.1975100133568,done,
841,63.13367222097736,71456.05904195116,71709.43577897549,72416.71017995384,707.2744009783491,done,
842,62.71994277569252,71536.16673146008,71789.5468249917,72416.85937298462,627.3125479929149,done,
843,62.98550087646552,71616.27442096898,71326.04586392641,72417.25901992992,1091.213156003505,done,
844,313.36805617269994,71696.3821104779,71469.10474699736,72417.44753002468,948.3427830273286,done,
845,314.22909593122705,71776.48979998681,71549.21530598402,72417.5998699884,868.3845640043728,done,
846,313.7308526606972,71856.59748949573,71949.76700693369,72947.18013094971,997.4131240160204,done,
847,63.83709625461117,71936.70517900464,72029.876545012,72947.4311710205,917.5546260084956,done,
848,63.24903107057043,72016.81286851356,71869.65656501055,72947.54782103049,1077.8912560199387,done,
849,63.31196038622162,72096.92055802247,72190.09707403183,72947.64365105238,757.5465770205483,done,
850,62.53125229533018,72177.02824753139,72368.12136101723,72947.77080399869,579.6494429814629,done,
851,63.55855136717527,72257.1359370403,72109.98656696081,72947.97729598265,837.9907290218398,done,
852,313.5967648634648,72355.04533532896,72270.20707696676,72948.08184191817,677.8747649514116,done,
853,315.94003357765723,72452.95473361763,72661.86090695858,73411.84017496137,749.9792680027895,done,
854,316.73932834234705,72550.86413190632,72857.68371397257,73412.32591496641,554.6422009938397,done,
855,316.9470080350447,72648.77353019499,72759.77239501476,73412.56205498753,652.7896599727683,done,
856,63.3173338590741,72746.68292848366,72563.94842302799,73412.76154400222,848.8131209742278,done,
857,63.944029349732986,72844.59232677233,72466.03578394651,73412.91711096792,946.8813270214014,done,
858,63.8405392064886,72942.50172506101,73053.50834995508,73912.31761695119,858.8092669961043,done,
859,63.04240004225886,73040.41112334968,73151.42026495934,73912.94414694468,761.5238819853403,done,
860,63.79761036668624,73138.32052163835,73391.75328195095,73913.21946094511,521.4661789941601,done,
861,314.25142120868725,73218.42821114727,72955.59596699476,73913.53497396503,957.939006970264,done,
862,316.83263304403255,73298.53590065618,73311.64236795902,73913.76716100657,602.1247930475511,done,
863,63.08952498393633,73378.6435901651,73231.53179693222,73914.16912992904,682.6373329968192,done,
864,315.5727404511622,73458.751279674,73632.0887349844,74410.52285300754,778.4341180231422,done,
865,315.1942917203574,73538.85896918293,73712.20000392199,74410.60940590827,698.4094019862823,done,
866,63.25989315361036,73618.96665869183,73551.97781395912,74410.68570497958,858.7078910204582,done,
867,311.7529536497266,73699.07434820075,73471.86515200138,74410.88831697544,939.02316497406,done,
868,64.0954510805234,73779.18203770966,73792.31105399132,74411.06987102004,618.7588170287199,done,
869,63.25142354715399,73859.28972721858,73872.42484098673,74411.10802500183,538.683184015099,done,
870,313.0787539281514,73939.39741672749,73952.53614497185,74952.0842699362,999.548124964349,done,
871,314.6734433522965,74019.50510623641,74032.65331596136,74952.11784993531,919.4645339739508,done,
872,63.222303486804826,74092.93715495292,74252.96909499168,74952.3665600312,699.3974650395103,done,
873,64.79095490019216,74166.36920366941,74399.84441196918,74952.48608998861,552.6416780194268,done,
874,315.8772658122212,74239.80125238592,74179.52970993519,74952.58516692137,773.0554569861852,done,
875,319.6819938014273,74313.23330110242,74106.09120100737,74952.76871101698,846.6775100096129,done,
876,62.81951612687684,74386.66534981893,74326.40753400326,74952.86079896893,626.4532649656758,done,
877,62.39940381364342,74460.09739853544,74693.59487593174,75489.46037895512,795.8655030233786,done,
878,62.98897595922616,74533.52944725193,74840.46461492777,75489.71860391553,649.2539889877662,done,
879,314.93710266872205,74606.96149596844,74620.15701699257,75489.91146698082,869.7544499882497,done,
880,63.406595269833645,74680.39354468494,74546.71858096123,75490.02803095942,943.3094499981962,done,
881,63.09848397130595,74753.82559340145,74473.28145200014,75490.14014998544,1016.8586979852988,done,
882,63.04580225174277,74827.25764211794,74913.902839005,75490.32101698639,576.4181779813953,done,
883,317.23937144766234,74900.68969083445,74767.02913194895,75490.42423996143,723.3951080124825,done,
884,63.898663447343246,74980.79738034337,74994.01277893782,76031.0145509066,1037.0017719687894,done,
885,317.9910743543153,75060.90506985228,75314.45291900635,76031.18478396535,716.7318649590015,done,
886,63.63761394178082,75141.0127593612,75074.12295997143,76031.35641296627,957.233452994842,done,
887,63.57796215973803,75221.1204488701,75154.2328799963,76031.49402398895,877.261143992655,done,
888,62.93569245309973,75301.22813837903,75474.6735649705,76031.61578394333,556.9422189728357,done,
889,63.648158140987874,75381.33582788793,75394.56327998638,76031.7436940372,637.1804140508175,done,
890,63.46792103990648,75461.44351739685,75234.34306901693,76031.87739900826,797.534329991322,done,
891,314.5999157767407,75541.55120690576,75634.89347201586,76568.79496801458,933.9014959987252,done,
892,315.67631606931394,75621.65889641468,75554.78380995989,76569.09201396117,1014.3082040012814,done,
893,63.280684310201686,75701.76658592359,75795.11318099499,76569.35528304707,774.2421020520851,done,
894,318.886238586017,75781.8742754325,75715.00345897675,76569.48292903416,854.479470057413,done,
895,313.19558722218665,75840.61991440572,75971.35729795694,76569.5977909388,598.2404929818586,done,
896,62.877577451028856,75899.36555337891,75912.60897898674,76569.72114800802,657.1121690212749,done,
897,63.9394101522976,75958.11119235212,75853.86101299524,76569.83232501522,715.971312019974,done,
898,63.848578189130514,76016.85683132532,76147.60171300173,77138.70662198775,991.1049089860172,done,
899,314.95908202814184,76075.60247029853,76030.10530799627,77139.11425095983,1109.0089429635557,done,
900,63.76970037823559,76134.34810927173,76206.3501509428,77139.37734994665,933.0271990038456,done,
901,64.3031779051002,76193.09374824494,76088.85318499804,77139.56446100771,1050.7112760096788,done,
902,62.77958754701245,76251.83938721813,76441.3536490202,77139.66894196626,698.315292946063,done,
903,63.309278437928704,76310.58502619134,76382.60276597738,77140.01048798254,757.4077220051549,done,
904,63.31969994010074,76369.33066516454,76323.85212898254,77140.26154798223,816.4094189996831,done,
905,61.13781081550006,76428.07630413775,76265.09793400764,77140.4343680595,875.3364340518601,done,
906,314.7023337960375,76486.82194311095,76617.60464394093,77712.0516019254,1094.4469579844736,done,
907,316.44749870821977,76545.56758208416,76558.85589402914,77712.08095405763,1153.2250600284897,done,
908,62.49305464374844,76604.31322105735,76970.09734499454,77712.37175194267,742.2744069481269,done,
909,62.85227082662508,76663.05886003056,76500.10419899225,77712.4875260084,1212.3833270161413,done,
910,63.808123582670845,76760.96825831923,76872.18195796013,77712.61751194252,840.4355539823882,done,
911,63.52107501156576,76858.8776566079,77068.01208901405,77712.59127302282,644.5791840087622,done,
912,316.4372772785039,76956.78705489657,76774.2695889473,77712.70680696843,938.4372180211358,done,
913,317.10862527386064,77054.69645318524,76676.35470694304,77712.8334859889,1036.4787790458647,done,
914,63.8632714246197,77152.60585147393,77557.57282698154,78214.01297895331,656.4401519717649,done,
915,63.01354148485113,77250.5152497626,77459.66146695614,78214.25267892377,754.5912119676359,done,
916,315.5389877774499,77348.42464805127,77645.69303900003,78214.34890601318,568.655867013149,done,
917,313.1457019819918,77446.33404633994,77361.75040698051,78214.45084498171,852.7004380011931,done,
918,62.864594441321856,77544.2434446286,77263.83752799034,78214.55318397516,950.7156559848228,done,
919,317.7497469713916,77632.36190308841,77165.924924016,78214.63473397074,1048.7098099547438,done,
920,63.51563362213359,77720.48036154822,77733.81345295906,78712.43332392164,978.6198709625752,done,
921,311.9165545272958,77808.59882000802,77998.17806595564,78712.83962597698,714.6615600213408,done,
922,63.36361582123413,77896.71727846783,77821.93448597193,78713.11487599835,891.1803900264204,done,
923,315.46168005953086,77984.83573692763,78174.42172592878,78713.64292393578,539.2211980069987,done,
924,63.58722619807085,78072.95419538744,78086.29988998175,78713.8900009729,627.5901109911501,done,
925,63.4265392424324,78161.07265384725,77910.05667299032,78714.12316302303,804.0664900327101,done,
926,314.94926370562985,78249.19111230705,78262.54198098183,79212.29200697131,949.7500259894878,done,
927,62.92012592104967,78337.30957076685,78438.78678900003,79212.95732502406,774.1705360240303,done,
928,316.3654902835138,78425.42802922666,78350.66421598196,79213.33305596374,862.6688399817795,done,
929,312.9391480805218,78505.53571873558,78599.0104739666,79213.64115496352,614.6306809969246,done,
930,63.88614595495392,78585.64340824449,78518.89830297232,79214.25534900418,695.3570460318588,done,
931,63.48776248996612,78665.75109775341,78679.12545496225,79214.57061595144,535.4451609891839,done,
932,314.3772066775778,78745.85878726232,78839.35222196579,79708.80186194973,869.4496399839409,done,
933,64.17058102742487,78825.96647677124,78759.23887598515,79709.13381297328,949.8949369881302,done,
934,62.92794365889878,78906.07416628014,78919.46834796667,79709.17142496305,789.7030769963749,done,
935,314.45962968724086,78986.18185578907,78999.57914495468,79709.45951996697,709.8803750122897,done,
936,62.19556107499278,79066.28954529797,79079.69236797094,79709.60447894782,629.9121109768748,done,
937,311.177752552672,79146.3972348069,79159.80333298445,79709.83883894747,550.0355059630238,done,
938,63.53220395435151,79226.5049243158,79239.91539895535,80244.86351492116,1004.9481159658172,done,
939,314.20904337097573,79306.61261382472,79320.02630996704,80245.36357294256,925.3372629755175,done,
940,63.37364777810635,79374.39604340919,79455.60788196325,80245.95096697612,790.3430850128643,done,
941,312.1388790245004,79442.17947299365,79387.8162829876,80246.23684498668,858.4205619990826,done,
942,63.27315349918016,79509.96290257812,79658.97540998459,80246.34565395582,587.370243971236,done,
943,316.3879706526542,79577.74633216258,79591.1832909584,80246.77822694834,655.5949359899387,done,
944,313.5838313669612,79645.52976174705,79523.39503198862,80247.07902002381,723.6839880351909,done,
945,64.04927945871279,79713.31319133152,79726.76352596283,80817.96419397835,1091.2006680155173,done,
946,63.62027360830485,79781.09662091598,79930.13186299801,80818.33058002964,888.1987170316279,done,
947,64.23360280443485,79848.88005050045,79862.34144192934,80818.54912494821,956.2076830188744,done,
948,315.6668457995836,79916.66348008491,79997.91886901855,80819.23977000313,821.3209009845741,done,
949,62.62606128571753,79984.44690966938,80133.49668997526,80819.33060901193,685.8339190366678,done,
950,313.70328033954445,80052.23033925385,79794.55110901594,80819.67867299076,1025.1275639748199,done,
951,63.39442721635108,80120.01376883831,80201.28486895561,80819.87842896348,618.5935600078665,done,
952,316.87488159128407,80187.79719842278,80065.70656299591,80820.08565000724,754.3790870113298,done,
953,319.2356850669878,80250.73895446549,80264.22999101877,81395.22175404662,1130.9917630278503,done,
954,62.67327910861491,80313.68071050821,80641.92004799843,81395.30444297707,753.3843949786387,done,
955,62.814982105537375,80376.62246655094,80516.02364897728,81395.54925899021,879.5256100129336,done,
956,62.83338148366106,80439.56422259365,80704.8707730174,81395.5567350532,690.6859620357864,done,
957,312.42867370871005,80502.50597863636,80453.07444798946,81395.82020097133,942.745752981864,done,
958,316.2610057166831,80565.44773467908,80390.12632197142,81395.97367394622,1005.8473519748076,done,
959,62.46470033441284,80628.3894907218,80327.17791599035,81396.18989002239,1069.011974032037,done,
960,314.00937458831663,80691.33124676452,80578.9707929492,81396.29197692405,817.3211839748546,done,
961,63.16738793736131,80754.27300280723,80956.65561795235,81980.35142195644,1023.6958040040918,done,
962,314.3216318487073,80817.21475884995,80893.70747202635,81980.69379700907,1086.9863249827176,done,
963,313.91306796663736,80880.15651489267,80830.7613889575,81980.84697793284,1150.085588975344,done,
964,315.26482017794683,80943.09827093538,81162.65842998028,81980.8861529883,818.2277230080217,done,
965,314.3651399639245,81006.0400269781,81082.5447049737,81981.16640695836,898.6217019846663,done,
966,323.5407765737534,81068.98178302082,80767.81656301022,81981.24621097371,1213.429647963494,done,
967,63.84503999433413,81149.08947252974,81019.59967696667,81981.42624392267,961.826566956006,done,
968,313.6339588104855,81229.19716203865,81242.77322292328,81981.37216987088,738.5989469476044,done,
969,62.71456976355892,81309.30485154757,81322.88240498304,82554.09113395866,1231.2087289756164,done,
970,314.14237827019235,81389.41254105647,81402.99283796549,82554.37857095012,1151.385732984636,done,
971,314.79729034770736,81469.5202305654,81483.10461902618,82554.81188505981,1071.707266033627,done,
972,317.0455823988197,81549.6279200743,81723.45052599907,82555.03095097141,831.5804249723442,done,
973,316.0139896940209,81629.73560958322,81643.34056997299,82555.2023139256,911.8617439526132,done,
974,312.6768812362403,81709.84329909213,81883.67125993967,82555.35483892448,671.6835789848119,done,
975,62.94715168493228,81789.95098860105,81563.2305559516,82555.49226990435,992.2617139527574,done,
976,63.12284472524122,81870.05867810996,81803.56088799238,82555.65039301803,752.0895050256513,done,
977,63.55570256303463,81950.16636761888,81963.78120696545,83089.4146089945,1125.6334020290524,done,
978,64.08676209727625,82038.28482607869,82051.90164601803,83089.73980200384,1037.83815598581,done,
979,62.96352966018015,82126.4032845385,82404.39482301474,83090.18518298864,685.7903599739075,done,
980,63.24681035760852,82214.52174299829,82316.26976895332,83090.46492192848,774.1951529751532,done,
981,315.8323265911851,82302.6402014581,82140.02330100536,83090.79463500436,950.7713339990004,done,
982,313.8880449650292,82390.7586599179,82228.145006001,83091.05152200675,862.9065160057507,done,
983,314.0839060556819,82478.87711837771,82492.51967698336,83091.16528696148,598.6456099781208,done,
984,64.3921996112241,82566.99557683752,82668.76652598381,83625.37523696898,956.6087109851652,done,
985,311.8803933491634,82655.11403529732,82580.64160096645,83625.5848289812,1044.9432280147448,done,
986,315.9498584558971,82743.23249375712,82756.89035397768,83625.77727401908,868.8869200414047,done,
987,63.24438526894183,82831.35095221693,82845.01979094744,83625.7194359419,780.6996449944563,done,
988,63.25716153702573,82894.29270825966,82970.91352397203,83625.95505598094,655.0415320089087,done,
989,313.5286554591025,82957.23446430237,83033.85991996527,83626.10237094248,592.24245097721,done,
990,316.54714473701307,83020.17622034508,82907.96527898312,83626.29131498653,718.3260360034183,done,
991,311.701387262943,83083.1179763878,83285.6535999775,84199.99150597444,914.3379059969448,done,
992,64.12345535081131,83146.05973243053,83159.75723397732,84200.00186300185,1040.244629024528,done,
993,64.24434536843481,83209.00148847324,83222.70621597767,84200.39509795373,977.6888819760644,done,
994,315.69852972297787,83271.94324451595,83348.60177600384,84200.50055301143,851.898777007591,done,
995,317.6806465639545,83334.88500055867,83096.80744898319,84200.6119159963,1103.8044670131058,done,
996,316.5725913757538,83397.8267566014,83474.49264997244,84200.81920795469,726.3265579822473,done,
997,313.0965781257831,83460.7685126441,83411.54868203402,84200.81446903013,789.2657869961113,done,
998,316.68624278984856,83523.71026868682,83537.43636995554,84201.03731492767,663.6009449721314,done,
999,64.13098180593356,83586.65202472954,83600.37968999147,84265.81959198136,665.4399019898847,done,
