# {"outdir": "/root/DynWork/log/syn/LenScale_0.1/summarization/bart_cnn/2_x_P99/nexus", "image": "Chihuahua1_bvdb.jpg", "no_nexus": true, "reqs": "/root/DynWork/log/syn/LenScale_0.1/summarization/bart_cnn/jobs.bucketed.csv", "debug": false, "maxb": 8, "pause": false, "slo_ms": 1482, "model": "resnet", "reproducibility": {"command_line": "python dynamic_test.py --maxb 8 --slo_ms 1482 --no_nexus Chihuahua1_bvdb.jpg /root/DynWork/log/syn/LenScale_0.1/summarization/bart_cnn/jobs.bucketed.csv /root/DynWork/log/syn/LenScale_0.1/summarization/bart_cnn/2_x_P99/nexus", "time": "Wed Nov 24 09:49:26 2021", "git_root": "/root/nexus", "git_url": "https://github.com/Aetf/nexus/tree/53fea9fe31f6274ebc52c43073ae3746e55c85bf", "git_has_uncommitted_changes": true}}
JobId,Length,Admitted,Started,Finished,Latency,State,EStatus
0,390.6314985011704,34.56159371493405,232.9053800106049,436.3083800106049,203.403,error,7.0
1,557.4199702008627,228.0280351753241,39.08483695983887,436.57283695983887,397.488,done,
2,370.4204426961951,421.4944766357141,620.5715399980545,807.0465399980545,186.475,error,7.0
3,446.22213449911214,614.9609180961041,426.68765008449554,807.1306500844955,380.443,done,
4,403.6281984008383,808.4273595564943,814.9479560852051,1223.4349560852052,408.487,done,
5,455.40052489959646,1001.8938010168844,1009.6410369873048,1223.6570369873048,214.016,error,7.0
6,547.9872389987577,1195.3602424772744,1399.5049189329147,1771.5159189329147,372.011,error,7.0
7,362.2300527000334,1388.8266839376645,1204.274752020836,1771.584752020836,567.31,done,
8,381.70824290136807,1582.2931253980546,1594.147293925285,1771.8642939252852,177.717,error,7.0
9,431.54805470258,1775.7595668584447,1983.2610710859296,2225.4800710859295,242.219,error,7.0
10,500.9869500005152,1969.2260083188348,1788.5837049484253,2225.7337049484254,437.15,done,
11,391.80928770219913,2551.9115081120785,2566.747843146324,2963.3558431463243,396.608,done,
12,308.3120791998226,3134.5970079053222,3150.2578020095825,3465.9688020095828,315.711,done,
13,216.992785903858,3717.2825076985664,3734.913730025291,3956.961730025291,222.048,done,
14,363.5800317046233,4299.968007491811,4319.034389019012,4687.589389019013,368.555,done,
15,312.1622209029738,4882.653507285054,4902.496644973755,5219.460644973755,316.964,done,
16,328.62726069870405,5465.339007078298,5486.407847046852,5819.898847046852,333.491,done,
17,497.4655795958825,6048.024506871541,6069.801030039787,6572.093030039788,502.292,done,
18,389.8907592985779,6630.710006664785,6652.870355129242,7047.8413551292415,394.971,done,
19,315.86350959842093,7213.39550645803,7236.631116986275,7557.021116986275,320.39,done,
20,313.5357394989114,7796.081006251273,7819.996712088585,8138.413712088585,318.417,done,
21,342.6197320979554,10708.695118477508,10735.7703499794,11083.1533499794,347.383,done,
22,383.7162145995535,13621.309230703744,13651.558794021606,14040.220794021607,388.662,done,
23,373.3604056003969,16533.92334292998,16567.490273952484,16945.467273952483,377.977,done,
24,725.554544996703,19446.537455156213,19483.74533200264,20213.66933200264,729.924,done,
25,488.90214179991744,22359.151567382447,22399.602149009705,22893.213149009705,493.611,done,
26,196.30282929865643,25271.765679608685,25315.38339710236,25517.06639710236,201.683,done,
27,441.4853275986388,28184.37979183492,28231.44855105877,28677.71355105877,446.265,done,
28,249.3906066985801,31096.993904061157,31146.92780005932,31400.741800059317,253.814,done,
29,260.8127990970388,34009.60801628739,34064.200384020805,34329.71438402081,265.514,done,
30,389.1072742000688,36922.222128513626,37041.64872801304,37374.94172801304,333.293,error,7.0
31,403.3634777995758,36981.10861593755,37162.64831411839,37374.88231411839,212.234,error,7.0
32,376.7371210968122,37039.99510336147,36981.11775004864,37375.20875004864,394.091,done,
33,243.29890469671227,37098.88159078539,37102.146042108536,37375.085042108534,272.939,error,7.0
34,475.51051159971394,37157.76807820932,37223.294322013855,37375.19632201386,151.902,error,7.0
35,417.1316462976392,37216.65456563323,37283.91127502918,37792.21227502918,508.301,done,
36,282.660556997871,37275.54105305715,37344.58026111126,37792.33226111126,447.752,error,7.0
37,426.7107644001953,37334.42754048108,37525.19652199745,37792.534521997455,267.338,error,7.0
38,300.6248093035538,37393.314027905,37585.70550000668,37792.71050000668,207.005,error,7.0
39,508.1277577963192,37452.20051532892,37628.70694410801,37792.72394410801,164.017,error,7.0
40,372.0979792007711,37511.08700275284,37649.35444009304,37792.81444009304,143.46,error,7.0
41,338.78733509918675,37531.467201406784,37690.95973908901,38084.34073908901,393.381,error,7.0
42,451.47458520368673,37551.84740006072,37732.59584009648,38084.39184009648,351.796,error,7.0
43,497.69729989930056,37572.22759871466,37404.165716052055,37792.576716052055,388.411,error,7.0
44,291.91407290054485,37592.6077973686,37464.692923069,37792.823923069,328.131,error,7.0
45,249.93121650186367,37612.98799602254,37607.20884108544,37792.96984108544,185.761,error,7.0
46,345.66529850126244,37633.36819467647,37795.66292500496,38084.73492500496,289.072,error,7.0
47,286.5844791987911,37653.74839333041,37711.60081005096,38084.58581005096,372.985,error,7.0
48,362.5369829998817,37674.12859198435,37753.87016808987,38084.67716808987,330.807,error,7.0
49,286.76044379826635,37694.50879063828,37774.45201301575,38084.88601301575,310.434,error,7.0
50,260.6231293990277,37714.88898929222,37669.988735079765,38085.009735079766,415.021,done,
51,225.2820227004122,37976.12305273874,38057.42169106007,38310.11469106007,252.693,done,
52,318.5292945010588,38237.35711618525,38318.887050032616,38642.48105003261,323.594,done,
53,222.81543689896364,38498.59117963176,38580.70078098774,38865.53978098774,284.839,done,
54,223.35641600075175,38759.825243078274,38842.515770077705,39089.017770077706,246.502,done,
55,376.584287796868,39021.05930652479,39104.78773605824,39486.475736058244,381.688,done,
56,279.28657069569454,39282.2933699713,39366.50292098522,39765.940920985224,399.438,done,
57,533.6536568996962,39543.52743341782,39890.784246087074,40299.568246087074,408.784,error,7.0
58,504.3783447006717,39804.761496864325,40152.516542077065,40299.66354207706,147.147,error,7.0
59,616.7676682001911,40065.99556031084,39628.3854470253,40299.8974470253,671.512,done,
60,392.4069485976361,40327.22962375736,40414.69540798664,40812.00340798664,397.308,done,
61,331.13325249869376,40684.990086714366,40773.51418697834,41143.32918697834,369.815,done,
62,271.1911585996859,41042.750549671386,41132.078530073166,41414.60253007316,282.524,done,
63,278.7188044982031,41400.5110126284,41490.4118360281,41774.4528360281,284.041,done,
64,415.2327357965987,41758.27147558541,41849.252615094185,42270.00361509418,420.751,done,
65,178.9307064958848,42116.03193854242,42208.05924093723,42449.11324093723,241.054,done,
66,498.4401106019504,42473.79240149944,42925.769015073776,43070.32501507377,144.556,error,7.0
67,334.69060589559376,42831.552864456455,42566.92628097534,43070.53028097534,503.604,done,
68,294.79048940120265,43189.31332741347,43284.40075707436,43584.753757074366,300.353,done,
69,286.90549610182643,43547.07379037049,43642.52034604549,43934.86334604549,292.343,done,
70,431.06130869709887,43904.8342533275,44000.6497130394,44436.9077130394,436.258,done,
71,428.0475632986054,44738.72709217169,44836.034239053726,45269.564239053725,433.53,done,
72,286.0662349965424,45572.619931015885,45670.72202003002,45962.08902003002,291.367,done,
73,424.3024150026031,46406.51276986008,46505.37592804432,46934.99392804432,429.618,done,
74,358.37358179851435,47240.40560870427,47340.13445901871,47704.09345901871,363.959,done,
75,509.5135113981087,48074.29844754846,48175.30044901371,48690.21844901371,514.918,done,
76,259.8660066025332,48908.191286392655,49010.269903063774,49275.76890306378,265.499,done,
77,431.3787324004807,49742.08412523685,49846.07138609886,50283.05038609886,436.979,done,
78,249.41794900223613,50575.97696408104,50681.174098968506,50936.217098968504,255.043,done,
79,477.0386881020386,51409.869802925234,51516.52363395691,51998.863633956906,482.34,done,
80,229.9348284024745,52243.76264176943,52351.92596900463,52587.35196900463,235.426,done,
81,447.0344100962393,53208.30961616964,53317.81447601318,53770.172476013184,452.358,done,
82,371.48642159882,54172.85659056985,54283.42131006718,54660.212310067174,376.791,done,
83,392.3397439997643,55137.40356497005,55249.51152098179,55647.01152098179,397.5,done,
84,365.038614498917,56101.95053937026,56215.3141220808,56585.72412208081,370.41,done,
85,667.4168433004525,57066.49751377048,57181.12524294853,57853.957242948534,672.832,done,
86,467.2433143015951,58031.044488170686,58146.9832290411,58619.4862290411,472.503,done,
87,566.8383793032264,58995.5914625709,59112.7221339941,59685.0911339941,572.369,done,
88,311.7628794978373,59960.1384369711,60078.22504198551,60395.54904198551,317.324,done,
89,536.9723338983022,60924.68541137131,61043.95402896404,61585.790028964046,541.836,done,
90,481.5035820996855,61889.23238577152,62009.95784413815,62496.50284413815,486.545,done,
91,416.7437651020009,61964.65550944017,62086.47833693028,62496.64033693028,410.162,error,7.0
92,359.4169582007453,62040.07863310882,62162.99037909508,62496.705379095074,333.715,error,7.0
93,252.52262630383484,62115.50175677747,62239.52030003071,62496.741300030706,257.221,error,7.0
94,369.1713929001708,62190.92488044613,62316.0412119627,62496.7792119627,180.738,error,7.0
95,588.544504303718,62266.34800411477,62469.14938604832,63085.385386048314,616.236,error,7.0
96,473.6177991027944,62341.77112778342,62545.57803606987,63085.37503606987,539.797,error,7.0
97,298.1478003959637,62417.19425145207,62698.66001904011,63085.54701904011,386.887,error,7.0
98,468.18253570236266,62492.61737512072,62775.18253803253,63085.58253803253,310.4,error,7.0
99,392.8153373009991,62568.04049878937,62622.132612109184,63085.75661210919,463.624,error,7.0
100,366.9561975053512,62643.46362245802,62392.579166054726,63085.90716605473,693.328,done,
101,321.269106597174,63642.45899443627,63775.24828505516,64101.67028505516,326.422,done,
102,412.2665897011757,64641.45436641451,64775.09521710873,65192.456217108724,417.361,done,
103,406.7044600029476,65640.44973839275,65775.78654003143,66187.25954003143,411.473,done,
104,574.1148850007448,66639.445110371,66775.57731807232,67354.31831807231,578.741,done,
105,373.7486885045655,67638.44048234925,67775.46629500389,68154.31029500389,378.844,done,
106,466.8658889015205,68637.4358543275,68775.66187810898,69247.88287810898,472.221,done,
107,350.9199002000969,69636.43122630575,69776.15044903755,70132.22944903755,356.079,done,
108,289.82005959842354,70635.42659828399,70776.59620714188,71071.85120714188,295.255,done,
109,316.68194599915296,71634.42197026224,71777.27900803089,72098.51000803089,321.231,done,
110,270.1588147028815,72633.41734224049,72777.93708598614,73053.50508598614,275.568,done,
111,334.5209671999328,74073.69267548769,74220.40684306622,74560.19684306621,339.79,done,
112,360.81931259832345,75513.9680087349,75662.03632807732,76028.25332807732,366.217,done,
113,365.7772044010926,76954.24334198212,77104.09122300148,77474.57922300148,370.488,done,
114,338.0387773970142,78394.51867522932,78547.51767611504,78890.60567611504,343.088,done,
115,344.89865180221386,79834.79400847653,79989.50517201424,80339.07617201423,349.571,done,
116,461.7363985977136,81275.06934172373,81431.94622302055,81898.72322302056,466.777,done,
117,890.3778103005607,82715.34467497094,82873.48051297665,83769.29051297664,895.81,done,
118,357.5796931050718,84155.62000821816,84314.58080399036,84677.70080399036,363.12,done,
119,479.2340910003986,85595.89534146537,85756.51549899578,86241.14349899578,484.628,done,
120,285.12381199980155,87036.17067471257,87199.82929599285,87489.53129599286,289.702,done,
121,326.6749463044107,87066.68821756175,87231.32920908928,87489.60220908928,258.273,error,7.0
122,473.5319213010371,87097.20576041093,87262.81347799301,87489.63947799301,226.826,error,7.0
123,357.5852225010749,87127.7233032601,87294.33553099632,87489.74053099632,195.405,error,7.0
124,317.7073411003221,87158.24084610929,87325.82818102837,87489.74618102837,163.918,error,7.0
125,653.7721013999544,87188.75838895846,87357.32921099663,88143.60421099662,786.275,done,
126,377.8048649022821,87219.27593180763,87388.83974099159,88143.63074099159,754.791,error,7.0
127,522.8075370017905,87249.7934746568,87420.34363508224,88143.64363508225,723.3,error,7.0
128,420.8703048003372,87280.31101750598,87451.89139008522,88143.58439008522,691.693,error,7.0
129,418.57699819956906,87310.82856035516,87483.52065098286,88143.64865098285,660.128,error,7.0
130,318.1639962014742,87341.34610320434,87514.36593401432,88143.72793401431,629.362,error,7.0
131,437.82932509784587,87968.17671677131,88142.51038098335,88584.84838098336,442.338,done,
132,364.60288309608586,88595.0073303383,88769.76720404625,89138.89120404625,369.124,done,
133,419.00720489793457,89221.83794390527,89397.91688907146,89823.03188907147,425.115,done,
134,529.0528617973905,89848.66855747225,90025.98863005638,90560.30663005638,534.318,done,
135,386.7067779996432,90475.49917103922,90653.12476599216,91046.64876599217,393.524,done,
136,398.9684964995831,91102.3297846062,91280.65446209908,91685.11046209908,404.456,done,
137,313.19888940197416,91729.16039817318,91908.06766104698,92228.22966104698,320.162,done,
138,817.5531072018202,92355.99101174016,93164.33287799358,93359.10187799358,194.769,error,7.0
139,356.61936349933967,92982.82162530712,92536.25799405576,93359.25999405576,823.002,done,
140,365.3871376009192,93609.6522388741,93792.41104400158,94162.98104400159,370.57,done,
141,272.5051164976321,96140.61698826923,96325.94230306149,96604.04630306149,278.104,done,
142,546.7861855984665,98671.5817376644,98860.08935904504,99413.31135904504,553.222,done,
143,397.2328878007829,101202.54648705956,101394.01899695396,101796.11999695396,402.101,done,
144,363.8846798043232,103733.5112364547,103927.99556803703,104296.46456803703,368.469,done,
145,427.5927672977559,106264.47598584984,106461.48582708836,106895.41082708836,433.925,done,
146,380.3866824018769,108795.44073524498,108995.30329608916,109380.43329608916,385.13,done,
147,348.41043509659363,111326.40548464013,111529.36500298975,111884.00500298975,354.64,done,
148,426.8959212990012,113857.37023403528,114062.95730006696,114496.93330006696,433.976,done,
149,319.0569119993597,116388.33498343042,116596.81541609764,116920.66641609764,323.851,done,
150,456.98415700462647,118919.29973282556,119130.67653405666,119593.77553405667,463.099,done,
151,486.1250774993096,123204.14604155636,123420.40484511852,123911.22684511852,490.822,done,
152,387.0335182000417,127488.99235028715,127709.79979801178,128102.70479801178,392.905,done,
153,438.086785498308,131773.83865901793,131999.55702102184,132442.83402102184,443.277,done,
154,452.3241752991453,136058.68496774873,136288.52642202377,136745.62042202379,457.094,done,
155,646.4317756006494,140343.53127647954,140579.24117696285,141230.08717696284,650.846,done,
156,375.244108896004,144628.3775852103,144868.49064207077,145248.63564207076,380.145,done,
157,411.8958359991666,148913.2238939411,149159.26454997063,149575.60854997064,416.344,done,
158,300.3771063988097,153198.0702026719,153448.2947779894,153754.33577798938,306.041,done,
159,251.81295690126723,157482.9165114027,157738.1148480177,157994.6278480177,256.513,done,
160,574.3562312971335,161767.76282013347,162112.96839606762,162608.05239606762,495.084,error,7.0
161,337.70947080338374,161851.66249328165,162282.02431809902,162608.12631809904,326.102,error,7.0
162,388.9401946973521,161935.56216642985,162028.42870104313,162608.15770104312,579.729,done,
163,434.7785130958073,162019.46183957803,162197.49963903427,162608.31663903428,410.817,error,7.0
164,631.4845608023461,162103.36151272623,162366.54941511154,162608.36241511154,241.813,error,7.0
165,664.5004765945487,162187.2611858744,162451.08338201046,162608.25738201046,157.174,error,7.0
166,425.1720197033137,162271.16085902258,162619.99920105934,163033.63820105934,413.639,error,7.0
167,592.2466155025177,162355.06053217078,162535.64416897297,163033.66116897296,498.017,done,
168,503.8011953001842,162438.96020531896,162704.3765821457,163033.93758214568,329.561,error,7.0
169,360.1289680984337,162522.85987846716,162788.7337090969,163034.1057090969,245.372,error,7.0
170,411.6144479019568,162606.75955161534,162873.07840502262,163034.2074050226,161.129,error,7.0
171,231.1717081989628,164913.8925101913,165182.9072971344,165419.9402971344,237.033,done,
172,363.12806570203975,167221.02546876727,167492.8440259695,167861.1710259695,368.327,done,
173,302.70348800113425,169528.15842734327,169802.89780902863,170111.66280902864,308.765,done,
174,430.7760370022152,171835.29138591923,172112.47443008423,172548.21143008422,435.737,done,
175,382.0601162966341,174142.4243444952,174421.88259208202,174808.80659208202,386.924,done,
176,371.48272990016267,176449.55730307117,176731.49588012695,177108.28688012695,376.791,done,
177,501.3597597018816,178756.69026164713,179041.0469380617,179548.24693806173,507.2,done,
178,395.2955873974133,181063.82322022316,181350.8733130693,181751.67131306932,400.798,done,
179,309.43351950263605,183370.9561787991,183661.462782979,183975.552782979,314.09,done,
180,500.8038119995035,185678.08913737503,185971.36584305763,186476.55884305763,505.193,done,
181,357.2595777048264,185816.796068002,186250.63556206223,186476.67056206224,226.035,error,7.0
182,343.72950939578004,185955.5029986289,186111.02612507343,186476.73512507344,365.709,error,7.0
183,578.0162397015374,186094.20992925577,186530.66774606705,187054.77074606705,524.103,error,7.0
184,341.47226869827136,186232.91685988268,186390.22467410564,187055.02467410563,664.8,done,
185,631.9680125976447,186371.6237905096,186670.26468098164,187055.11668098165,384.852,error,7.0
186,343.4948635986075,186510.3307211365,186809.8470890522,187055.1900890522,245.343,error,7.0
187,344.23232530243695,186649.0376517634,187089.0052690506,187399.4822690506,310.477,error,7.0
188,322.17875409987755,186787.7445823903,187228.46196103096,187399.45696103096,170.995,error,7.0
189,320.1400690013543,186926.4515130172,186949.44674801824,187399.80674801822,450.36,done,
190,484.7458832024131,187065.1584436441,187368.08969700336,187884.43369700338,516.344,done,
191,435.9333919011988,189072.02252008268,189376.7194191217,189818.4624191217,441.743,done,
192,275.2070206042845,191078.88659652125,191385.8351019621,191666.39810196208,280.563,done,
193,295.5787475977558,193085.75067295975,193394.98689305785,193695.41289305786,300.426,done,
194,274.1889499011449,195092.61474939837,195403.958212018,195683.18021201802,279.222,done,
195,412.5725221005269,197099.4788258369,197412.7170010805,197830.5520010805,417.835,done,
196,328.17217700066976,199106.34290227547,199421.9458270073,199755.96582700728,334.02,done,
197,536.137591698207,201113.20697871404,201431.45478904247,201973.05178904248,541.597,done,
198,306.19104169891216,203120.07105515257,203440.2874001265,203752.11640012648,311.829,done,
199,470.0403340975754,205126.93513159116,205449.6260170937,205925.82801709368,476.202,done,
200,577.5683321000544,207133.7992080297,207460.17052698132,208043.58552698133,583.415,done,
201,433.5886228014715,207681.99542385392,208009.27094006535,208477.44394006536,468.173,done,
202,393.10974429827183,208230.19163967817,208558.2905459404,208957.0455459404,398.755,done,
203,353.4829686046578,208778.38785550243,209106.929651022,209466.59565102198,359.666,done,
204,289.8562348971609,209326.58407132665,209655.5783250332,209950.28032503318,294.702,done,
205,324.57239679642964,209874.78028715088,210204.29726099968,210534.0792609997,329.782,done,
206,324.7742075996939,210422.97650297516,210753.02820897105,211083.01420897106,329.986,done,
207,371.3313709013164,210971.17271879935,211301.9599530697,211678.2989530697,376.339,done,
208,166.17738920031115,211519.3689346236,211851.20919907093,212022.88019907093,171.671,done,
209,369.24233640311286,212067.56515044783,212399.99169003963,212774.34769003963,374.356,done,
210,663.0948084988631,212615.76136627208,213087.85225903988,213618.5712590399,530.719,error,7.0
211,305.06468749954365,212752.59321125795,213225.46546804905,213618.71246804905,393.247,error,7.0
212,257.17604479868896,212889.42505624384,212950.2535070181,213618.91450701808,668.661,done,
213,511.35603299480863,213026.25690122973,213363.05213701725,213618.94913701725,255.897,error,7.0
214,355.680433701491,213163.0887462156,213638.7557849884,213974.48278498842,335.727,error,7.0
215,389.94698660098953,213299.92059120143,213776.389598012,213974.564598012,198.175,error,7.0
216,323.1758539972361,213436.75243618732,213500.61303400996,213974.87003400997,474.257,done,
217,638.6308993969578,213573.58428117324,214051.62006604671,214613.36406604672,561.744,error,7.0
218,272.854883299442,213710.4161261591,214189.204570055,214613.436570055,424.232,error,7.0
219,299.5352217985783,213847.24797114497,214326.7986420393,214613.4946420393,286.696,error,7.0
220,554.5986415003426,213984.0798161309,213914.0016890764,214613.7396890764,699.738,done,
221,278.2364477054216,214439.5994478168,214783.54486608505,215067.11486608506,283.57,done,
222,417.18879619729705,214895.1190795028,215240.07751202583,215662.10451202583,422.027,done,
223,281.2686630990356,215350.63871118872,215696.0174779892,215982.0884779892,286.071,done,
224,336.881266097771,215806.15834287467,216152.0172290802,216493.6512290802,341.634,done,
225,355.0879449991044,216261.67797456065,216608.53744411469,216969.2674441147,360.73,done,
226,407.4914494995028,216717.19760624657,217065.1291060448,217477.9051060448,412.776,done,
227,255.49485219526105,217172.7172379325,217521.7760140896,217783.2880140896,261.512,done,
228,274.7078681015409,217628.23686961847,217978.27332007885,218258.00732007885,279.734,done,
229,511.7897468036972,218083.7565013044,218434.9557080269,218952.3947080269,517.439,done,
230,418.23698279913526,218539.2761329904,218891.94791603088,219370.88391603087,478.936,done,
231,519.2559568968136,220885.6231586191,221240.50117909908,221764.9841790991,524.483,done,
232,556.6328265005723,223231.97018424785,223589.5661751032,224152.0241751032,562.458,done,
233,408.3175483974628,225578.3172098765,225938.61168408397,226352.77068408398,414.159,done,
234,180.3949041001033,227924.66423550525,228287.4577239752,228473.56572397522,186.108,done,
235,278.4606551984325,230271.011261134,230636.5442301035,230920.8042301035,284.26,done,
236,502.2177482955158,232617.3582867627,232985.66160595417,233493.53660595417,507.875,done,
237,616.3303590961732,234963.70531239145,235334.21835803983,235955.27535803983,621.057,done,
238,344.40093580051325,237310.0523380201,237682.7799990177,238032.2819990177,349.502,done,
239,192.89579869946465,239656.39936364884,240032.07651901245,240229.88751901244,197.811,done,
240,338.31703810137697,242002.7463892776,242380.84887206557,242724.11287206557,343.264,done,
241,329.24259629799053,242651.7977222095,243031.0852110386,243365.0092110386,333.924,done,
242,366.9503284967504,243300.84905514147,243681.0586631298,244054.2756631298,373.217,done,
243,266.1238136992324,243949.9003880734,244331.2825700045,244602.9265700045,271.644,done,
244,362.8390397003386,244598.95172100535,244981.05585503575,245349.57285503575,368.517,done,
245,311.1581460980233,245248.0030539373,245630.66263604164,245947.42263604165,316.76,done,
246,277.04638590221293,245897.05438686925,246280.53544604775,246562.63944604775,282.104,done,
247,314.4249198026955,246546.1057198012,246930.78554403785,247250.68254403785,319.897,done,
248,465.1596220035572,247195.15705273315,247580.7944060564,248051.0544060564,470.26,done,
249,364.999765495304,247844.20838566512,248231.10407805443,248602.09507805444,370.991,done,
250,411.4165409002453,248493.25971859705,248881.16294801235,249297.51294801236,416.35,done,
251,422.81351719866507,248865.14781442643,249253.98757910728,249720.5085791073,466.521,done,
252,434.304373600753,249237.03591025583,249999.5292840004,250154.84028400038,155.311,error,7.0
253,343.78292589681223,249608.9240060853,249626.5989820957,250155.13798209568,528.539,done,
254,293.3221263985615,249980.81210191463,250371.99667310715,250670.70867310715,298.712,done,
255,231.09484830056323,250352.70019774407,250744.553530097,250980.116530097,235.563,done,
256,270.7889774988871,250724.5882935735,251117.0250390768,251393.4820390768,276.457,done,
257,309.2789324000478,251096.4763894029,251489.3116760254,251804.4246760254,315.113,done,
258,425.0781555019785,251468.3644852323,251862.21152698997,252293.08052698997,430.869,done,
259,371.1803673999384,251840.2525810617,252235.03560006616,252664.41460006614,429.379,done,
260,331.83781140251085,252212.1406768911,252608.16334593296,252996.48034593297,388.317,done,
261,579.8743897990789,252837.07124611316,253234.4652090073,253819.2232090073,584.758,done,
262,323.03066750173457,253462.0018153352,253860.0175260305,254188.0695260305,328.052,done,
263,290.7564872002695,254086.9323845572,254486.02751898768,254781.5515189877,295.524,done,
264,313.1925762980245,254711.8629537792,255111.6602240801,255429.90222408008,318.242,done,
265,401.89028099994175,255336.7935230012,255737.90677201748,256145.09477201747,407.188,done,
266,483.396342897322,255961.7240922232,256363.99561703205,256852.39861703204,488.403,done,
267,246.9432254962157,256586.65466144524,256989.32716298103,257241.64916298102,252.322,done,
268,238.4189567004796,257211.5852306673,257615.7538330555,257859.8928330555,244.139,done,
269,261.8683130014688,257836.51579988928,258242.01651501656,258509.28251501656,267.266,done,
270,582.8829184989445,258461.4463691113,259165.1475900412,259456.8625900412,291.715,error,7.0
271,375.5635362002067,258757.67252560044,258868.4004420042,259457.0924420042,588.692,done,
272,224.93356880149804,259053.8986820896,259461.77384114265,259692.34084114266,230.567,done,
273,349.1087080969009,259350.12483857872,259759.15445709229,260113.89145709228,354.737,done,
274,658.6601027986035,259646.35099506783,260353.75072205067,260772.47872205067,418.728,error,7.0
275,440.20881290198304,259942.57715155705,260055.9160619974,260772.6210619974,716.705,done,
276,705.1280620973557,260238.80330804616,260948.5769070387,261477.91990703868,529.343,error,7.0
277,407.0130532956682,260535.0294645353,261245.3380930424,261477.9790930424,232.641,error,7.0
278,226.3815016020089,260831.25562102444,260650.4960540533,261478.1980540533,827.702,done,
279,260.10457380325533,261127.4817775136,261541.9706300497,261807.3216300497,265.351,done,
280,402.00360729941167,261423.7079340027,261839.14828407764,262246.52628407767,407.378,done,
281,372.8575864981394,261796.1897196666,262213.0068581104,262619.58085811045,406.574,done,
282,685.4087574989535,262168.67150533054,262959.76919305325,263305.06819305324,345.299,error,7.0
283,336.78813760052435,262541.15329099447,262586.6914550066,263305.2854550066,718.594,done,
284,571.3608758000191,262913.63507665833,263706.8386940956,263909.4876940956,202.649,error,7.0
285,431.0473842953797,263286.11686232226,263332.9952759743,263909.72527597426,576.73,done,
286,275.5579606979154,263658.5986479862,264080.5655450821,264360.9785450821,280.413,done,
287,890.5948082974646,264031.0804336501,264827.668012023,265349.215012023,521.547,error,7.0
288,379.12067099823616,264403.56221931404,265201.5183440447,265349.2943440447,147.776,error,7.0
289,348.700479301624,264776.0440049779,264453.8322770596,265349.5272770596,895.695,done,
290,393.2120981044136,265148.52579064184,265574.46226501465,265972.46826501464,398.006,done,
291,270.2969731995836,265438.4484429516,265865.22582900524,266243.0538290052,377.828,done,
292,209.02064809924923,265728.3710952614,266155.4565669298,266452.0275669298,296.571,done,
293,320.6425368960481,266018.2937475712,266446.02129101753,266773.01329101756,326.992,done,
294,569.0619186032563,266308.216399881,267029.0616180897,267342.1266180897,313.065,error,7.0
295,473.97946549463086,266598.1390521908,266737.9550590515,267342.3940590515,604.439,done,
296,380.3972036985215,266888.0617045005,267319.82385504246,267722.95385504246,403.13,done,
297,522.6195371011272,267177.98435681034,267901.93549108505,268245.53849108506,343.603,error,7.0
298,614.0224264003336,267467.9070091201,267611.241071105,268245.725071105,634.484,done,
299,441.2731770018581,267757.8296614299,268484.5979731083,268687.0639731083,202.466,error,7.0
300,448.6861263983883,268047.7523137397,268192.6493970156,268687.2943970156,494.645,done,
301,383.6980918014888,268555.4461387871,268993.26370704174,269382.01170704176,388.748,done,
302,368.5534927994013,269063.13996383443,269502.8738470077,269877.2478470077,374.374,done,
303,486.7847553046886,269570.83378888184,270011.1429480314,270503.2839480314,492.141,done,
304,272.3243499000091,270078.52761392924,270519.18450403214,270796.68350403215,277.499,done,
305,190.41834520176053,270586.2214389766,271027.6486040354,271223.05160403537,195.403,done,
306,362.4925082025584,271093.915264024,271536.0938470364,271904.5068470364,368.413,done,
307,435.92988710152,271601.6090890714,272044.3771270513,272485.9871270513,441.61,done,
308,720.5189878004603,272109.3029141188,273061.8153140545,273278.2173140545,216.402,error,7.0
309,483.7210346013308,272616.99673916615,272552.8539379835,273278.3479379835,725.494,done,
310,352.4797527992632,273124.69056421355,273570.35428607464,273928.61928607465,358.265,done,
311,412.75234099593945,273775.6018380613,274222.6754100323,274641.1474100323,418.472,done,
312,224.02698320220225,274426.51311190904,274874.1219700575,275103.8109700575,229.689,done,
313,436.9100593030453,275077.42438575684,275526.01188898087,275968.7168889809,442.705,done,
314,539.7743905021343,275728.3356596046,276178.69884610176,276724.2348461018,545.536,done,
315,397.6494050002657,276379.2469334523,276830.1235460043,277232.3855460043,402.262,done,
316,491.83272889931686,277030.15820730006,277482.35946309566,277978.8134630957,496.454,done,
317,290.1731614023447,277681.0694811478,278133.6606121063,278428.51861210633,294.858,done,
318,374.8799915018026,278331.9807549956,278785.6715669632,279165.3115669632,379.64,done,
319,331.9702861015685,278982.89202884334,279437.3444160223,279774.0644160223,336.72,done,
320,214.71204140107147,279633.8033026911,280089.13781297207,280308.5288129721,219.391,done,
321,384.9881162983365,280002.4257901797,280458.3958849907,280849.3758849907,390.98,done,
322,484.5297235995531,280371.04827766825,280828.26703202724,281334.08903202723,505.822,done,
323,391.1234576022253,280739.67076515686,281568.1221200228,281725.35112002277,157.229,error,7.0
324,312.82363510108564,281108.2932526454,281198.5315990448,281725.5785990448,527.047,done,
325,334.03893059585243,281476.915740134,281937.4755280018,282277.4865280018,340.011,done,
326,443.0224453972187,281845.53822762263,282306.30609607697,282754.19409607694,447.888,done,
327,244.6085930976551,282214.1607151112,282676.14735102654,282999.06535102654,322.918,done,
328,528.4673945978284,282582.7832025998,283415.6623779536,283578.9643779536,163.302,error,7.0
329,255.8819055964705,282951.40569008834,283045.8400510549,283579.1110510549,533.271,done,
330,293.41177250025794,283320.0281775769,283786.05259108543,284084.64359108545,298.591,done,
331,319.47500549722463,284770.16386442387,285237.6126921177,285561.8556921177,324.243,done,
332,353.64116730052046,286220.2995512707,286689.8386679888,287048.65466798877,358.816,done,
333,253.91460490063764,287670.4352381176,288141.50164604187,288400.0606460419,258.559,done,
334,541.3303115987219,289120.5709249645,289593.00929510593,290139.01929510594,546.01,done,
335,384.99471090035513,290570.7066118114,291044.70118796825,291434.6231879683,389.922,done,
336,597.7007143024821,292020.8422986583,292496.44511306286,293098.91511306283,602.47,done,
337,386.1771452007815,293470.97798550513,293948.5397139788,294339.4107139788,390.871,done,
338,515.5032688984647,294921.11367235205,295400.2992141247,295920.8322141247,520.533,done,
339,268.6237513960805,296371.24935919896,296851.5146420002,297125.0906420002,273.576,done,
340,428.07707639876753,297821.3850460458,298303.02180206776,298736.2758020678,433.254,done,
341,692.2507166978903,299346.5583325087,299830.1656000614,300527.6396000614,697.474,done,
342,443.09088529553264,300871.7316189717,301358.17858302593,301806.29758302594,448.119,done,
343,380.688019900117,302396.9049054346,302885.14023303986,303270.8332330399,385.693,done,
344,488.4023238962982,303922.07819189754,304411.7472240925,304905.6212240925,493.874,done,
345,451.01045640185487,305447.25147836044,305938.4600960016,306394.4710960016,456.011,done,
346,259.94705430348404,306972.42476482334,307465.36782705784,307731.3588270578,265.991,done,
347,366.58620010130096,308497.5980512863,308992.38248598576,309363.62348598574,371.241,done,
348,377.9932192002889,310022.7713377492,310519.58425211906,310903.51625211904,383.932,done,
349,276.9424174970481,311547.94462421216,312046.4086611271,312328.4266611271,282.018,done,
350,370.5224628036376,313073.11791067506,313573.44524908066,313950.0242490807,376.579,done,
351,449.671130097704,313836.31777018146,314337.19081008434,314791.5948100843,454.404,done,
352,160.64398430171426,314599.5176296878,315101.67823410034,315266.90423410037,165.226,done,
353,415.0791838997975,315362.7174891942,315866.2606419325,316287.27964193246,421.019,done,
354,348.4720579988789,316125.9173487005,316630.39899504185,316983.78299504187,353.384,done,
355,250.4502288007643,316889.1172082069,317395.926926136,317651.472926136,255.546,done,
356,335.7868635037448,317652.3170677133,318160.73059499264,318502.5195949926,341.789,done,
357,320.1863412978128,318415.51692721964,318924.70998704433,319250.0979870443,325.388,done,
358,306.8677503033541,319178.716786726,319689.2743060589,320001.39530605887,312.121,done,
359,561.1487839953043,319941.9166462324,320453.58649504185,321020.7514950418,567.165,done,
360,285.4779578978196,320705.1165057388,321217.67449212074,321509.5464921207,291.872,done,
361,400.5936591012869,321702.6767537013,322217.01797902584,322624.7909790258,407.773,done,
362,489.7032995009795,322700.2370016638,323216.1213499308,323712.0633499308,495.942,done,
363,333.2015033985954,323697.7972496263,324215.2847839594,324555.0737839594,339.789,done,
364,304.54427039949223,324695.35749758885,325214.5038831234,325525.6288831234,311.125,done,
365,526.4705866982695,325692.9177455513,326213.10250401497,326745.562504015,532.46,done,
366,366.3048171962146,326690.47799351386,327211.7702690363,327583.9982690363,372.228,done,
367,586.9312995986547,327688.0382414764,328210.3741980791,328803.3401980791,592.966,done,
368,427.5439557968639,328685.59848943894,329208.4962860346,329642.26528603456,433.769,done,
369,280.1422796037514,329683.1587374014,330207.58589696884,330494.5938969688,287.008,done,
370,258.13148169545457,330680.718985364,331206.082619071,331468.978619071,262.896,done,
371,364.0720794035588,331602.1235628553,332128.3938111067,332498.5238111067,370.13,done,
372,521.7805764987133,332523.5281403466,333050.8671081066,333578.06010810664,527.193,done,
373,309.9607789015863,333444.9327178379,333973.20896101,334289.25596101,316.047,done,
374,314.0444843971636,334366.33729532926,334895.6112279892,335216.5762279892,320.965,done,
375,436.6974866017699,335287.74187282054,335817.94302403927,336260.65002403926,442.707,done,
376,235.5228955973871,336209.1464503119,336741.8890810013,336982.88608100126,240.997,done,
377,332.0988065970596,337130.5510278032,337664.31104302406,338002.59504302405,338.284,done,
378,328.685780899832,338051.95560529456,338586.9771729708,338922.36417297076,335.387,done,
379,488.8396948983427,338973.36018278584,339509.7200590372,340003.2020590372,493.482,done,
380,403.6190737970173,339894.7647602772,340432.39233505726,340843.1183350573,410.726,done,
381,272.2436582960654,340292.8996748986,340831.24293005466,341115.58093005465,284.338,done,
382,209.70106679596935,340691.0345895201,341230.4124239683,341447.2574239683,216.845,done,
383,125.59902040520684,341089.16950414155,341629.1766951084,341761.7816951084,132.605,done,
384,632.9581377038267,341487.304418763,342426.6440529824,342667.6890529824,241.045,error,7.0
385,536.712075502146,341885.4393333844,342027.79359805584,342667.8285980558,640.035,done,
386,312.70267829531804,342283.57424800587,342825.6705110073,343144.32551100734,318.655,done,
387,253.35454840096645,342681.70916262735,343224.17475903034,343483.39875903033,259.224,done,
388,571.1790907022078,343079.8440772488,344022.3142080307,344200.1852080307,177.871,error,7.0
389,426.8431205011439,343477.9789918702,343623.35004997253,344200.4010499725,577.051,done,
390,457.31900309911,343876.11390649166,344421.3774731159,344884.0944731159,462.717,done,
391,357.1493831987027,345400.05187422014,345946.92767703533,346310.61067703535,363.683,done,
392,319.63128019706346,346923.9898419486,347472.58208703995,347798.17908703996,325.597,done,
393,407.9140610992909,348447.9278096771,348998.1480060816,349412.3630060816,414.215,done,
394,295.32531849690724,349971.8657774056,350524.2342480421,350825.6152480421,301.381,done,
395,453.2945689978078,351495.80374513404,352049.6366660595,352509.3016660595,459.665,done,
396,543.7794787983876,353019.74171286257,353575.1402850151,354125.0162850151,549.876,done,
397,365.71463720174506,354543.67968059104,355100.7664080858,355473.23140808585,372.465,done,
398,329.06946139992215,356067.6176483195,356626.1687550545,356961.30575505446,335.137,done,
399,401.7148288025055,357591.555616048,358152.2952259779,358560.3862259779,408.091,done,
400,665.636003902182,359115.49358377646,359724.88193011284,360348.4279301128,623.546,error,7.0
401,307.44291759911,359161.29375693493,359771.41668605804,360348.57368605805,577.157,error,7.0
402,208.79496060078964,359207.0939300934,359910.94915413857,360348.89715413854,437.948,error,7.0
403,396.8247619981412,359252.8941032519,359957.49333810806,360348.85733810806,391.364,error,7.0
404,382.842106296448,359298.6942764104,359678.3114850521,360348.7124850521,670.401,done,
405,333.07906669797376,359344.49444956885,359817.91659009457,360349.0345900946,531.118,error,7.0
406,474.6481665002648,359390.2946227273,359864.42222106457,360348.9852210646,484.563,error,7.0
407,517.4468406010419,359436.0947958858,360004.0009250641,360348.9819250641,344.981,error,7.0
408,377.4385748023633,359481.8949690443,360050.63765001297,360348.972650013,298.335,error,7.0
409,395.4990839993116,359527.6951422028,360143.9819200039,360349.0539200039,205.072,error,7.0
410,186.18469599750824,359573.49531536124,360097.31676900387,360349.1077690039,251.791,error,7.0
411,524.3433194002137,361250.1372661398,361822.578132987,362352.613132987,530.035,done,
412,606.167979905149,362926.7792169184,363501.6437550783,364113.12475507834,611.481,done,
413,328.8575822021812,364603.4211676969,365179.9365040064,365514.5945040064,334.658,done,
414,400.459405296715,366280.0631184754,366858.77856099606,367265.3685609961,406.59,done,
415,400.27950280345976,367956.7050692539,368537.43560504913,368943.93960504915,406.504,done,
416,339.5692545978818,369633.34702003247,370216.0035310984,370560.48453109845,344.481,done,
417,531.7138120997697,371309.988970811,371894.589756012,372432.13675601204,537.547,done,
418,457.4347237008624,372986.6309215896,373573.0653499365,374037.1743499365,464.109,done,
419,398.629604204325,374663.2728723681,375251.1899180412,375656.8309180412,405.641,done,
420,311.1239288991783,376339.91482314665,376930.90625703335,377246.81225703337,315.906,done,
421,429.8650337033905,376390.7376998941,377085.4287990332,377246.9257990332,161.497,error,7.0
422,219.2110989009961,376441.5605766416,377188.4216179848,377557.1056179848,368.684,error,7.0
423,379.4528945989441,376492.3834533891,377239.9329731464,377557.16297314636,317.23,error,7.0
424,309.9189303989988,376543.20633013657,376982.4318600893,377246.8818600893,264.45,error,7.0
425,218.14808070193976,376594.0292068841,377033.9365799427,377246.9705799427,213.034,error,7.0
426,456.6871755989269,376644.8520836316,377291.6718740463,377557.1938740463,265.522,error,7.0
427,402.3833408020437,376695.674960379,377136.924579978,377557.545579978,420.621,done,
428,301.1936914990656,376746.4978371265,377343.1818330288,377557.5498330288,214.368,error,7.0
429,296.7612658976577,376797.320713874,377394.7290869951,377557.6280869951,162.899,error,7.0
430,426.9417973002419,376848.1435906215,377446.2414900065,377984.4204900065,538.179,done,
431,413.86308259679936,377653.0839027991,378253.420462966,378672.724462966,419.304,done,
432,292.7118863037322,378458.0242149768,379058.90038597584,379357.2283859758,298.328,done,
433,543.3271699002944,379262.96452715446,379865.4685200453,380414.3105200453,548.842,done,
434,691.8198414030485,380067.9048393321,380671.3084089756,381369.3344089756,698.026,done,
435,458.67929870146327,380872.84515150974,381477.1940450668,381942.7960450668,465.602,done,
436,233.6173276999034,381677.7854636874,382282.9056349993,382523.25963499927,240.354,done,
437,342.5226643041242,382482.725775865,383088.5657509565,383435.9887509565,347.423,done,
438,316.84702910133643,383287.6660880427,383894.1864759922,384216.4894759922,322.303,done,
439,361.0713032947388,384092.6064002204,384700.7268819809,385067.0888819809,366.362,done,
440,510.123069700785,384897.546712398,385506.26973211765,386023.24373211764,516.974,done,
441,395.0796741002705,386384.8333647792,386994.99867904186,387395.6926790419,400.694,done,
442,506.0919518000446,387872.1200171603,388483.5910141468,388995.2170141468,511.626,done,
443,314.448362699477,389359.4066695415,389972.9687230587,390292.9967230587,320.028,done,
444,401.3178744004108,390846.6933219227,391461.9129230976,391868.9409230976,407.028,done,
445,221.79114050231877,392333.9799743039,392950.76961004734,393179.53061004734,228.761,done,
446,277.1814106963575,393821.266626685,394439.5982900858,394721.6102900858,282.012,done,
447,480.75013629859313,395308.55327906617,395928.5703550577,396414.4153550577,485.845,done,
448,435.12381429900415,396795.83993144735,397418.1719779968,397859.3189779968,441.147,done,
449,253.79082289873625,398283.1265838285,398907.1510270834,399167.5550270834,260.404,done,
450,496.9903171993792,399770.41323620966,400396.5790220499,400898.6370220499,502.058,done,
451,417.92756950017065,401151.549519416,401779.3232520819,402202.2682520819,422.945,done,
452,460.1765311963391,402532.6858026223,403163.0104900599,403629.1784900599,466.168,done,
453,415.725220303284,403913.82208582864,404545.9618010521,404966.5868010521,420.625,done,
454,367.6532772020437,405294.9583690349,405928.3288830519,406301.70988305187,373.381,done,
455,471.0785984003451,406676.09465224127,407311.44872295856,407788.4637229586,477.015,done,
456,351.1835040000733,408057.2309354476,408694.1383349896,409051.9643349896,357.826,done,
457,538.9985338959377,409438.3672186539,410077.7944229841,410621.8114229841,544.017,done,
458,424.3298832967412,410819.50350186025,411460.4007130861,411890.3907130861,429.99,done,
459,375.7253196032252,412200.63978506654,412844.1272710562,413226.1422710562,382.015,done,
460,379.6852835046593,413581.7760682729,414226.8918930292,414611.3688930292,384.477,done,
461,438.3437165990472,414136.6761894899,414782.3199919462,415227.40599194623,445.086,done,
462,433.935936097987,414691.5763107069,415338.2450181246,415779.0610181246,440.816,done,
463,245.48488319851455,415246.4764319239,415893.941311121,416144.914311121,250.973,done,
464,448.60555499908514,415801.3765531409,416450.0502309799,416903.96123097994,453.911,done,
465,398.0857841030229,416356.27667435794,417005.8217439652,417408.8397439652,403.018,done,
466,509.6892155008391,416911.1767955749,417561.7501220703,418077.9561220703,516.206,done,
467,289.0656093019061,417466.0769167919,418117.75525712967,418413.5972571297,295.842,done,
468,342.4925019033253,418020.9770380089,418673.60897398,419022.11797398,348.509,done,
469,442.896530998405,418575.8771592259,419230.1104769707,419678.4074769707,448.297,done,
470,245.77555499854495,419130.7772804429,419785.24516904354,420036.10416904354,250.859,done,
471,342.0944938028697,421851.5680989225,422509.3633440733,422857.6233440733,348.26,done,
472,325.1694579026662,424572.358917402,425232.7749960423,425563.7049960423,330.93,done,
473,425.20227940403856,427293.1497358815,427956.8944269419,428388.3434269419,431.449,done,
474,431.7569892969914,430013.940554361,430680.4151010513,431117.3691010513,436.954,done,
475,317.7827075996902,432734.7313728406,433405.5200730562,433728.2440730562,322.724,done,
476,379.72687439760193,435455.5221913201,436129.51315808296,436514.82215808297,385.309,done,
477,322.5714296044316,438176.3130097996,438852.8963110447,439180.6933110447,327.797,done,
478,280.796226602979,440897.1038282791,441576.92396605015,441862.71696605015,285.793,done,
479,623.883578699315,443617.8946467587,444300.9246621132,444929.6346621132,628.71,done,
480,345.5146243039053,446338.6854652382,447024.5056760311,447375.7466760311,351.241,done,
481,375.4752937995363,446918.0961589023,447604.7303800583,447985.84138005826,381.111,done,
482,342.8888974012807,447497.5068525664,448184.8226621151,448533.7706621151,348.948,done,
483,405.86238819523714,448076.91754623054,448764.7431330681,449175.2271330681,410.484,done,
484,509.6691745042335,448656.32823989465,449345.22485613823,449860.05385613826,514.829,done,
485,293.47571639809763,449235.7389335588,449924.8486369848,450225.03663698485,300.188,done,
486,317.5944768008776,449815.14962722285,450505.07746100426,450827.58946100425,322.512,done,
487,455.1012495008763,450394.56032088696,451085.61086702347,451545.97686702345,460.366,done,
488,254.4000043009873,450973.9710145511,451666.8290740252,451926.4560740252,259.627,done,
489,310.14926889911294,451553.3817082152,452247.5858350992,452562.7718350992,315.186,done,
490,450.9336339018773,452132.7924018793,452827.7770129442,453284.9150129442,457.138,done,
491,137.8326763981022,454566.2288815864,455263.6569031477,455406.5159031477,142.859,done,
492,493.9438875997439,456999.6653612933,457699.5817711353,458200.5427711353,500.961,done,
493,334.8574373987504,459433.1018410003,460135.2630990744,460475.8510990744,340.588,done,
494,313.7102320033591,461866.5383207073,462571.7529190779,462891.4039190779,319.651,done,
495,294.5380006043706,464299.9748004143,465008.3270369768,465307.7190369768,299.392,done,
496,273.9184522011783,466733.4112801213,467444.720334053,467723.95633405296,279.236,done,
497,507.39663610002026,469166.8477598283,469880.8933480978,470394.0573480978,513.164,done,
498,430.92750790528953,471600.28423953534,472316.7435519695,472752.7875519695,436.044,done,
499,559.6418921020813,474033.7207192423,474752.614708066,475317.422708066,564.808,done,
500,504.091810999671,476467.1571989493,477188.103546977,477697.827546977,509.724,done,
501,419.79667299892753,477604.1309745178,478326.2150679827,478752.7890679827,426.574,done,
502,304.2904883972369,478741.1047500864,479464.2376791239,479773.9556791239,309.718,done,
503,290.17993439920247,479878.0785256549,480603.52750504017,480898.35550504015,294.828,done,
504,420.971779798856,481015.05230122345,481741.9355050325,482167.24150503246,425.306,done,
505,284.32598799699923,482152.0260767919,482880.7034010887,483170.0624010887,289.359,done,
506,330.9339953993913,483288.99985236046,484019.6455529928,484355.92655299284,336.281,done,
507,540.6096644001082,484425.973627929,485158.4693230391,485704.16332303913,545.694,done,
508,311.38642479782004,485562.9474034975,486296.44967901707,486612.90067901707,316.451,done,
509,216.33518119924705,486699.92117906606,487435.5027400255,487656.7927400255,221.29,done,
510,619.4274932029657,487836.8949546346,488574.515501976,489199.327501976,624.812,done,
511,489.05020910315216,489388.0094604083,490127.03228902817,490621.7532890282,494.721,done,
512,332.9530381015502,490939.12396618194,491679.5724029541,492017.4004029541,337.828,done,
513,525.8115773031022,492490.2384719557,493232.3404120207,493762.8774120207,530.537,done,
514,540.7863471948076,494041.3529777293,494784.6562629938,495330.27426299383,545.618,done,
515,362.9232650040649,495592.467483503,496338.0234470368,496705.4214470368,367.398,done,
516,499.9405025970191,497143.5819892767,497891.3939831257,498396.8669831257,505.473,done,
517,523.6410907004029,498694.69649505033,499444.6629689932,499973.2259689932,528.563,done,
518,558.486876997631,500245.811000824,500996.9859420061,501560.2409420061,563.255,done,
519,318.17991419811733,501796.9255065977,502550.00698804855,502872.8909880486,322.884,done,
520,283.409603202017,503348.0400123714,504102.9348640442,504391.4168640442,288.482,done,
521,307.07068750052724,506145.0857304138,506902.72905004025,507214.6110500402,311.882,done,
522,352.37411319976684,508942.1314484562,509702.9015700817,510060.16057008173,357.259,done,
523,265.3630203974899,511739.17716649856,512503.3305490017,512773.2225490017,269.892,done,
524,464.5318377006333,514536.22288454097,515303.5428769589,515773.28487695893,469.742,done,
525,445.2948008954991,517333.2686025834,518103.45837605,518555.81337605,452.355,done,
526,269.1784980997909,520130.3143206258,520902.985831976,521179.152831976,276.167,done,
527,346.74738320172764,522927.3600386682,523703.4409999848,524056.7709999848,353.33,done,
528,360.20426470204256,525724.4057567106,526503.0927029848,526869.3787029848,366.286,done,
529,480.8414633036591,528521.451474753,529303.6453690529,529790.0683690528,486.423,done,
530,627.3456325987354,531318.4971927954,532552.0996500254,532735.3416500253,183.242,error,7.0
531,441.6313750029076,531766.3297532601,532103.2002000809,532735.3312000809,632.131,done,
532,268.470871495083,532214.162313725,533000.3314090967,533273.7204090967,273.389,done,
533,239.2342132050544,532661.9948741897,533449.6251870394,533695.1151870394,245.49,done,
534,276.1235239042435,533109.8274346546,533898.0394440889,534178.5774440889,280.538,done,
535,256.687001301907,533557.6599951193,534346.4729070663,534608.2819070664,261.809,done,
536,443.43296849983744,534005.4925555841,534795.2054339647,535243.9304339647,448.725,done,
537,433.5498623026069,534453.3251160489,535244.0983891487,535683.3943891487,439.296,done,
538,500.0076439988334,534901.1576765137,535692.1688120365,536197.5298120365,505.361,done,
539,632.6795173983555,535348.9902369785,536589.6482540369,536830.2002540369,240.552,error,7.0
540,404.4139877019916,535796.8227974433,536141.07259202,536830.4535920201,689.381,done,
541,307.2842101042625,537160.8617839639,537955.2081650496,538267.6641650496,312.456,done,
542,255.9201821044553,538524.9007704845,539320.442612052,539581.947612052,261.505,done,
543,334.1612792981323,539888.9397570051,540685.6419970989,541024.730997099,339.089,done,
544,319.6215431962628,541252.9787435257,542051.4393709898,542375.3083709897,323.869,done,
545,431.51461469824426,542617.0177300463,543417.0719871521,543854.2689871521,437.197,done,
546,436.507492599776,543981.056716567,544782.9324980974,545223.9674980975,441.035,done,
547,350.16658710083004,545345.0957030876,546148.6351649761,546503.9961649762,355.361,done,
548,463.113518001046,546709.1346896082,547515.7294369936,547985.1354369936,469.406,done,
549,319.169480499113,548073.1736761288,548881.763575077,549205.990575077,324.227,done,
550,384.42620710120536,549437.2126626495,550343.3006609678,550637.6866609679,294.386,error,7.0
551,244.3139667971991,549531.5592228884,550438.8345490694,550637.7165490694,198.882,error,7.0
552,160.2970514970366,549625.9057831274,550629.9397619963,550879.8137619962,249.874,error,7.0
553,241.839186596917,549720.2523433663,550247.7468670607,550637.8718670607,390.125,done,
554,286.3411304017063,549814.5989036052,550724.552292943,550879.911292943,155.359,error,7.0
555,568.306324997684,549908.9454638442,550534.3897399902,550880.0047399902,345.615,done,
556,362.8062592993956,550003.2920240832,550914.8515269756,551242.8745269757,328.023,error,7.0
557,299.0882201003842,550097.6385843222,551009.4183120728,551242.9553120728,233.537,error,7.0
558,406.8728890037164,550191.985144561,551200.4722599983,551619.5912599983,419.119,error,7.0
559,376.5101650031284,550286.3317048,550820.1014770269,551243.0374770269,422.936,done,
560,247.0930421026424,550380.678265039,551104.9439591169,551619.7549591169,514.811,done,
561,442.39028350566514,551319.7459796593,552140.9273010492,552588.3623010493,447.435,done,
562,292.62156729819253,552258.8136942795,553081.5851629972,553379.6451629973,298.06,done,
563,301.2782557983883,553197.8814088998,554021.9775561094,554328.0725561094,306.095,done,
564,440.32031670212746,554136.94912352,554962.373579979,555407.197579979,444.824,done,
565,466.0900584014598,555076.0168381403,555902.3840060234,556373.6350060235,471.251,done,
566,317.65918679884635,556015.0845527605,556842.7843600512,557165.5233600511,322.739,done,
567,626.9306145026349,556954.1522673807,557782.8264240026,558415.9414240026,633.115,done,
568,362.88057600031607,557893.219982001,558722.9842860699,559092.5242860699,369.54,done,
569,216.809850599384,558832.2876966213,559663.8402199745,559885.9952199745,222.155,done,
570,440.9707618004177,559771.3554112415,560604.3939471245,561050.4489471245,446.055,done,
571,230.2935910003725,560281.6128189268,561115.2632579803,561350.8272579804,235.564,done,
572,279.5026326959487,560791.8702266121,561626.8159049749,561912.7119049749,285.896,done,
573,294.9067330977414,561302.1276342974,562137.6320661306,562437.1080661307,299.476,done,
574,532.1847825951409,561812.3850419826,562649.0034030676,563186.3474030676,537.344,done,
575,441.5858119959012,562322.6424496679,563159.9726580381,563628.1596580382,468.187,done,
576,330.13274790137075,562832.8998573533,563670.8952590227,564007.8112590227,336.916,done,
577,233.0595358973369,563343.1572650386,564181.6886509657,564419.9366509657,238.248,done,
578,456.16772469948046,563853.4146727239,564692.9430719614,565153.9720719614,461.029,done,
579,351.692634698702,564363.6720804091,565203.6958860159,565562.4348860158,358.739,done,
580,362.14366140193306,564873.9294880944,565714.2614539862,566081.4914539861,367.23,done,
581,212.72338189883163,569177.1445889499,570022.1205500364,570240.0945500365,217.974,done,
582,306.33380559738725,573480.3596898053,574329.88975811,574641.75975811,311.87,done,
583,441.4963299001101,577783.5747906609,578637.5275220871,579083.7255220871,446.198,done,
584,191.1030873015989,582086.7898915163,582945.2773100138,583141.7043100138,196.427,done,
585,216.99328750255523,586390.0049923718,587253.5967299938,587475.7847299938,222.188,done,
586,314.9184086010792,590693.2200932272,591562.6415990591,591883.0825990591,320.441,done,
587,194.92812429671176,594996.4351940827,595870.875459075,596071.902459075,201.027,done,
588,257.88919500191696,599299.6502949382,600179.7951670885,600442.5671670885,262.772,done,
589,441.236450598808,603602.8653957937,604487.3807500601,604933.9517500601,446.571,done,
590,303.0723672010936,607906.0804966491,608794.6264799833,609102.8254799834,308.199,done,
591,399.3262075004168,609050.6688023292,609940.4396179914,610344.8686179915,404.429,done,
592,385.9940128051676,610195.2571080093,611086.3307000399,611477.7327000399,391.402,done,
593,366.8130773003213,611339.8454136893,612232.2041120529,612604.5321120529,372.328,done,
594,164.10025419900194,612484.4337193694,613378.0274471045,613547.6694471044,169.642,done,
595,505.3242703026626,613629.0220250494,614524.5677810907,615035.5107810907,510.943,done,
596,730.6061019015033,614773.6103307295,615669.9548820257,616405.3468820257,735.392,done,
597,358.6029218044132,615918.1986364096,616816.4375261068,617181.3865261069,364.949,done,
598,332.48759459820576,617062.7869420896,617962.90082407,618300.57782407,337.677,done,
599,281.3394750992302,618207.3752477696,619109.1615101099,619395.3495101099,286.188,done,
600,268.35789349861443,619351.9635534497,620254.9253391027,620528.5273391027,273.602,done,
601,359.63260880089365,620316.0110673264,621219.1696469784,621584.3096469784,365.14,done,
602,520.3555066022091,621280.0585812031,622184.4067610502,622710.0327610503,525.626,done,
603,513.7589660007507,622244.1060950798,623150.0008380413,623668.5808380413,518.58,done,
604,435.32862960128114,623208.1536089565,624114.6062990427,624556.0982990427,441.492,done,
605,762.6705139002297,624172.2011228332,625080.1126540899,625847.07865409,766.966,done,
606,488.9954522019252,625136.2486367099,626044.7715450525,626540.1625450525,495.391,done,
607,319.1515012003947,626100.2961505866,627010.1204760075,627335.4444760075,325.324,done,
608,302.1496192959603,627064.3436644633,627975.5714460611,628283.4104460612,307.839,done,
609,325.68095180322416,628028.39117834,628940.5657180548,629272.8277180548,332.262,done,
610,375.1364604977425,628992.4386922166,630034.3765801191,630285.8105801191,251.434,error,7.0
611,486.775126302382,629120.3100820886,629905.9517350197,630285.9907350197,380.039,done,
612,415.946742601227,629248.1814719604,630291.5175820589,630701.9415820589,410.424,error,7.0
613,493.168360600248,629376.0528618323,630162.7885739803,630702.0975739803,539.309,done,
614,493.88632220216095,629503.9242517041,630419.9130240679,630702.1630240679,282.25,error,7.0
615,442.0808646013029,629631.795641576,630548.3153101206,630702.2123101206,153.897,error,7.0
616,435.9462591994088,629759.667031448,630804.8231230974,631138.1461230974,333.323,error,7.0
617,382.5635066023096,629887.5384213198,630676.7175960541,631138.309596054,461.592,done,
618,322.76958230067976,630015.4098111917,630933.2236630917,631138.3956630917,205.172,error,7.0
619,313.8262066000607,630143.2812010635,631189.935904026,631452.124904026,262.189,error,7.0
620,439.0661165991333,630271.1525909355,631061.6253210306,631452.2993210306,390.674,done,
621,201.5548742027022,631164.9976632413,632085.3772070408,632292.6792070408,207.302,done,
622,382.2135928028729,632058.8427355472,632980.9230630398,633370.0730630398,389.15,done,
623,309.0158270963002,632952.6878078531,633876.1563049555,634191.2953049554,315.139,done,
624,173.01115920417942,633846.532880159,634771.4058209658,634951.3198209658,179.914,done,
625,417.4549989984371,634740.3779524649,635666.5455441475,636091.0645441475,424.519,done,
626,355.2400964021217,635634.2230247706,636561.1199660301,636923.3009660301,362.181,done,
627,195.55378329823725,636528.0680970765,637456.3994441032,637658.8334441032,202.434,done,
628,409.003089700127,637421.9131693824,638351.1790610552,638764.5650610552,413.386,done,
629,321.4835073973518,638315.7582416883,639245.6272081137,639572.0252081137,326.398,done,
630,376.7634726013057,639209.6033139941,640142.0971441269,640523.6971441269,381.6,done,
631,321.7645530006848,642035.8296286772,642971.6570320129,643298.4260320129,326.769,done,
632,468.1446753034834,644862.0559433602,645801.5067640543,646275.3427640543,473.836,done,
633,318.9834045013413,647688.2822580433,648630.4768340588,648954.7748340587,324.298,done,
634,621.8865987029858,650514.5085727263,651460.0110191107,652087.6530191107,627.642,done,
635,477.9838868998922,653340.7348874094,654289.5278121233,654772.8108121234,483.283,done,
636,380.3926812019199,656166.9612020925,657118.923987031,657505.207987031,386.284,done,
637,295.281706599053,658993.1875167754,659948.5170460939,660248.3870460939,299.87,done,
638,374.7370871948078,661819.4138314585,662778.656619072,663159.093619072,380.437,done,
639,383.6529126041569,664645.6401461415,665608.3256649971,665997.4376649971,389.112,done,
640,370.2803644002415,667471.8664608246,668437.5382230282,668813.6712230282,376.133,done,
641,490.24397209868766,668786.1134557432,669753.3907880783,670249.0577880783,495.667,done,
642,358.6874725006055,670100.3604506619,671069.614841938,671435.029841938,365.415,done,
643,642.6633260969538,671414.6074455804,672386.7293839455,673034.5823839455,647.853,done,
644,228.1471885973588,672728.8544404991,673702.1455050707,673935.3885050707,233.243,done,
645,388.2108165009413,674043.1014354177,675018.304535985,675412.931535985,394.627,done,
646,343.1311394961085,675357.3484303362,676333.612959981,676681.4009599809,347.788,done,
647,688.5931621014606,676671.5954252549,677649.10206604,678342.9630660401,693.861,done,
648,436.95751799969,677985.8424201735,678964.3499360085,679406.6879360084,442.338,done,
649,231.22668890282512,679300.0894150921,680280.2974150181,680517.6244150181,237.327,done,
650,249.23588350065984,680614.3364100107,681596.4277410507,681851.3127410507,254.885,done,
651,367.1039096021559,681776.4184009116,682759.961564064,683132.581564064,372.62,done,
652,330.7001298002433,682938.5003918124,683923.1612620354,684260.1482620353,336.987,done,
653,443.7018318974879,684100.5823827133,685087.7124741077,685536.3344741077,448.622,done,
654,271.9149026030209,685262.6643736141,686250.7890410423,686528.0080410424,277.219,done,
655,215.8163279003929,686424.746364515,687414.6671850681,687637.0051850681,222.338,done,
656,498.2943126989994,687586.828355416,688578.7183970213,689082.0863970213,503.368,done,
657,411.96989730233327,688748.9103463168,689742.4996700287,690160.2786700287,417.779,done,
658,367.9004257952329,689910.9923372177,690905.8827030659,691279.7507030659,373.868,done,
659,593.1891713000368,691073.0743281185,692069.2667840719,692669.6557840719,600.389,done,
660,504.8493213020265,692235.1563190194,693324.4774620533,693743.1014620533,418.624,error,7.0
661,301.93134649889544,692326.4780475406,693507.6472810507,693743.3982810507,235.751,error,7.0
662,348.3803442970384,692417.7997760618,693599.1883640289,693743.4403640289,144.252,error,7.0
663,328.35098010255024,692509.1215045829,693232.9342830181,693743.3172830181,510.383,done,
664,254.7474898979999,692600.4432331042,693416.0448060036,693743.4928060035,327.448,error,7.0
665,297.0490643987432,692691.7649616254,693782.3079669476,694040.4529669476,258.145,error,7.0
666,629.8598982975818,692783.0866901466,693873.8815970421,694040.576597042,166.695,error,7.0
667,413.1794322980568,692874.4084186677,693690.7285399437,694040.7695399437,350.041,done,
668,404.8861764953472,692965.730147189,694057.464112997,694445.5941129971,388.13,error,7.0
669,361.0309897980187,693057.0518757103,694149.0095260143,694445.6955260143,296.686,error,7.0
670,366.085333697265,693148.3736042314,693965.424077034,694445.895077034,480.471,done,
671,339.6270823024679,693321.57711389,694496.6212800741,694785.4412800741,288.82,error,7.0
672,334.2595355003141,693494.7806235485,694322.622918129,694785.686918129,463.064,done,
673,456.08513230108656,693667.9841332071,694844.3874551058,695241.9524551057,397.565,error,7.0
674,484.1836901963688,693841.1876428657,695019.8547360897,695241.7667360897,221.912,error,7.0
675,284.95149439550005,694014.3911525242,694670.2544380426,695242.1064380426,571.852,done,
676,416.5074668999296,694187.5946621827,695367.9544769526,695658.5454769526,290.591,error,7.0
677,180.12822560267523,694360.7981718413,695193.5267950296,695658.7987950296,465.272,done,
678,162.79447129927576,694534.0016814999,695541.5895889997,695821.7075889998,280.118,done,
679,536.3893572997769,694707.2051911585,695890.5161211491,696358.2711211491,467.755,error,7.0
680,238.87174209812656,694880.408700817,695715.5754491091,696358.4654491091,642.89,done,
681,490.87310999748297,696523.4416004863,697535.3248389959,698031.229838996,495.905,done,
682,246.69675119803287,698166.4745001554,699180.0429019928,699431.4999019929,251.457,done,
683,521.4357134012971,699809.5073998247,700826.5847519636,701352.9857519636,526.401,done,
684,320.4628348990809,701452.5402994939,702471.8202741146,702797.8742741146,326.054,done,
685,374.04910210170783,703095.5731991632,704116.9065439701,704496.2415439701,379.335,done,
686,281.1800097988453,704738.6060988323,705762.2316039801,706049.22860398,286.997,done,
687,413.59297280432656,706381.6389985016,707407.3540519476,707826.4800519476,419.126,done,
688,288.86417619651183,708024.6718981708,709052.500385046,709346.135385046,293.635,done,
689,257.3481454048306,709667.70479784,710697.2380030155,710959.0880030155,261.85,done,
690,341.22933099861257,711310.7376975092,712342.211826086,712688.495826086,346.284,done,
691,244.16077539790425,711725.0131217634,712757.2627769709,713006.7177769708,249.455,done,
692,433.412736596074,712139.2885460176,713172.6178200245,713611.4148200245,438.797,done,
693,236.299906502245,712553.5639702717,713588.4780321121,713847.8850321121,259.407,done,
694,426.9028914044611,712967.839394526,714003.6598670483,714435.9618670483,432.302,done,
695,229.81254149926824,713382.1148187801,714419.5223140717,714665.7793140716,246.257,done,
696,459.0536333969794,713796.3902430342,714834.6757929325,715300.7737929325,466.098,done,
697,365.7252918987069,714210.6656672885,715250.5414520502,715666.8394520502,416.298,done,
698,374.5051366044208,714624.9410915426,715665.7940371037,716045.3760371037,379.582,done,
699,312.2877341986168,715039.2165157968,716081.1471949816,716398.6321949816,317.485,done,
700,514.9856829026248,715453.491940051,716496.4565620422,717016.6675620422,520.211,done,
701,262.8716591047123,718323.7356303191,719369.7305440903,719639.3845440903,269.654,done,
702,238.24176380294367,721193.9793205872,722243.6967300177,722486.7247300177,243.028,done,
703,643.916079599876,724064.2230108554,725115.2339470387,725765.8379470387,650.604,done,
704,301.44554980215617,726934.4667011235,727987.8305281401,728293.90852814,306.078,done,
705,327.5806739984546,729804.7103913918,730861.2037540674,731195.0297540674,333.826,done,
706,193.54481089976616,732674.9540816599,733734.2929999828,733933.1239999828,198.831,done,
707,372.7834761957638,735545.197771928,736608.5493080616,736986.9493080616,378.4,done,
708,733.3915297000203,738415.4414621962,739482.2415701151,740222.130570115,739.889,done,
709,473.755717696622,741285.6851524643,742355.0240681171,742833.8390681171,478.815,done,
710,564.1324844968041,744155.9288427324,745228.0491960049,745797.1531960049,569.104,done,
711,314.6242491027806,745892.6798372366,746966.1342190504,747286.6482190504,320.514,done,
712,338.65333370049484,747629.4308317407,748704.8123400211,749050.0883400211,345.276,done,
713,299.1616105020512,749366.1818262449,750443.2097660303,750747.2677660303,304.058,done,
714,414.94645299972046,751102.9328207491,752182.4624090195,752602.5754090195,420.113,done,
715,410.2443640003912,752839.6838152532,753920.6856480837,754336.3816480837,415.696,done,
716,270.8514017984271,754576.4348097574,755659.4904620647,755935.7374620647,276.247,done,
717,378.51572110084817,756313.1858042616,757397.9325860739,757781.1545860738,383.222,done,
718,350.5358971946407,758049.9367987658,759136.212954998,759492.001954998,355.789,done,
719,367.6845712005161,759786.6877932699,760875.1376180649,761247.5926180648,372.455,done,
720,353.19709239993244,761523.4387877741,762613.691139102,762971.955139102,358.264,done,
721,370.63735779956914,762085.6357007453,763176.8705810308,763552.2335810309,375.363,done,
722,232.6441317040008,762647.8326137166,763740.1309001446,763977.7319001446,237.601,done,
723,355.6477625039406,763210.0295266878,764302.8168370724,764663.5738370724,360.757,done,
724,741.7868565011304,763772.2264396591,764865.4536750317,765613.2346750316,747.781,done,
725,435.5223740974907,764334.4233526303,765428.4214251041,765613.2784251041,184.857,error,7.0
726,379.7275737975724,764896.6202656016,765991.3258980513,766376.3548980512,385.029,done,
727,389.39072599750943,765458.8171785729,766554.2656410933,766948.0616410932,393.796,done,
728,353.30893229693174,766021.0140915441,767116.9344670773,767475.6034670772,358.669,done,
729,271.0428179008886,766583.2110045154,767679.5302370787,767955.8072370787,276.277,done,
730,397.3063916026149,767145.4079174866,768243.8233810663,768648.4123810664,404.589,done,
731,414.21790620079264,767411.4520725876,768777.2761321068,769062.6601321067,285.384,error,7.0
732,191.8504033004865,767677.4962276885,768510.5368009806,769062.8468009806,552.31,done,
733,415.5419857008383,767943.5403827896,769310.8084341288,769478.3684341288,167.56,error,7.0
734,864.0137243026402,768209.5845378905,769043.976770997,769478.6467709971,434.67,done,
735,370.8835144003388,768475.6286929914,769577.3978840113,769955.7018840113,378.304,done,
736,544.0447581990156,768741.6728480924,770110.5341100693,770499.7541100692,389.22,error,7.0
737,273.32336800172925,769007.7170031933,769844.1182880402,770499.9152880402,655.797,done,
738,386.68291549547575,769273.7611582944,770644.7616200447,770886.5576200447,241.796,error,7.0
739,238.0699889967218,769539.8053133953,770377.2318860292,770886.8528860293,509.621,done,
740,467.6188606012147,769805.8494684963,770911.5395040512,771384.4395040512,472.9,done,
741,339.71160169458017,770320.2646831532,771426.2101041079,771773.0001041079,346.79,done,
742,437.32775039970886,770834.6798978103,771941.8835670948,772384.7315670948,442.848,done,
743,344.35904049896635,771349.0951124673,772457.5201530457,772808.8841530456,351.364,done,
744,344.28378749871626,771863.5103271243,772972.7601059675,773322.4521059676,349.692,done,
745,311.6749960987363,772377.9255417814,773488.3267800808,773805.2327800808,316.906,done,
746,368.34601360023953,772892.3407564383,774003.172334075,774379.407334075,376.235,done,
747,282.7578492986504,773406.7559710953,774518.2584251165,774805.9124251165,287.654,done,
748,458.9499436027836,773921.1711857523,775033.8550610542,775497.7200610542,463.865,done,
749,368.893807096174,774435.5864004093,775548.4820090532,775922.5260090532,374.044,done,
750,261.801070504589,774950.0016150663,776063.4118630886,776329.8788630886,266.467,done,
751,443.2183402997907,775171.7371399893,776286.1064510345,776773.2364510346,487.13,done,
752,836.7859578982461,775393.4726649122,776508.7921000719,776773.2621000719,264.47,error,7.0
753,300.236932199914,775615.2081898352,776731.4452021122,777073.6872021122,342.242,done,
754,388.486293196911,775836.9437147581,777176.5040249825,777462.1940249824,285.69,error,7.0
755,403.5812128975522,776058.6792396812,776954.2446930408,777462.3766930408,508.132,done,
756,259.3967569002416,776280.4147646042,777399.1814330816,777721.8464330817,322.665,done,
757,349.6008644986432,776502.1502895271,777621.243391037,778071.4383910369,450.195,done,
758,459.9482631019782,776723.8858144501,777843.6890621185,778071.4980621185,227.809,error,7.0
759,307.9147067037411,776945.621339373,778066.3631870747,778379.7981870747,313.435,done,
760,443.16298619960446,777167.356864296,778609.7657850981,778822.904785098,213.139,error,7.0
761,413.1901489978192,777486.6821787523,778289.384147048,778823.146147048,533.762,done,
762,277.93740580091253,777806.0074932085,778929.8860039711,779214.755003971,284.869,done,
763,411.0576742968988,778125.3328076648,779249.5564390421,779665.8844390421,416.328,done,
764,441.799364000326,778444.658122121,779890.8342411518,780107.6552411518,216.821,error,7.0
765,460.6147414015141,778763.9834365773,779570.3213701248,780107.8753701248,537.554,done,
766,406.21078319964,779083.3087510334,780210.6845200062,780623.4135200062,412.729,done,
767,296.000105998246,779402.6340654896,780530.4665629864,780919.6145629864,389.148,done,
768,419.8363763047382,779721.9593799459,781170.5943449736,781339.5033449735,168.909,error,7.0
769,433.87509530293767,780041.2846944021,780850.38263309,781339.67463309,489.292,done,
770,304.5487729017623,780360.6100088584,781490.5310190916,781800.4480190916,309.917,done,
771,391.93491420010105,780452.7410543556,781583.0693770647,781800.4953770647,217.426,error,7.0
772,251.50043760077097,780544.8720998529,781768.0681500435,782052.0161500435,283.948,error,7.0
773,280.0755612028297,780637.00314535,782046.4276729822,782269.4606729823,223.033,error,7.0
774,314.38582629780285,780729.1341908473,781675.5849670172,782052.0209670172,376.436,done,
775,217.1619799977634,780821.2652363445,781861.3632479906,782052.1162479906,190.753,error,7.0
776,433.281359198736,780913.3962818418,781953.8959491253,782269.6369491253,315.741,done,
777,267.3660753993317,781005.527327339,782233.1239590645,782537.0129590645,303.889,error,7.0
778,233.5249417985324,781097.6583728362,782326.3816910982,782537.0676910982,210.686,error,7.0
779,369.9606014997698,781189.7894183334,782140.7199760675,782537.3409760676,396.621,done,
780,274.9116304970812,781281.9204638307,782637.0618400574,782812.1058400574,175.044,error,7.0
781,281.89797539962456,781499.7138168539,782418.9331800938,782812.2921800938,393.359,done,
782,611.3996728963684,781717.5071698773,783073.7425429821,783471.5295429821,397.787,error,7.0
783,326.0260236042086,781935.3005229007,782855.0479520559,783471.6849520559,616.637,done,
784,335.1076208986342,782153.0938759239,783292.4091960192,783471.7371960192,179.328,error,7.0
785,287.91795289726,782370.8872289471,783510.5084530115,783803.4584530115,292.95,done,
786,464.6289587020874,782588.6805819705,783948.3321920633,784268.1411920633,319.809,error,7.0
787,299.2320405028295,782806.4739349938,783729.175456047,784268.410456047,539.235,done,
788,320.674177701585,783024.2672880171,784385.3308849335,784588.9668849335,203.636,error,7.0
789,318.0324628017843,783242.0606410403,784166.9953529835,784589.1803529835,422.185,done,
790,698.0845268990379,783459.8539940637,784603.8969670534,785308.9399670534,705.043,done,
791,569.9052773008589,786167.3851785213,787314.704554081,787889.8995540809,575.195,done,
792,364.1803106991574,788874.9163629789,790024.7716050148,790394.0366050148,369.265,done,
793,647.7390682033729,791582.4475474365,792735.1925461292,793388.1475461292,652.955,done,
794,360.4009881033562,794289.978731894,795444.967097044,795811.236097044,366.269,done,
795,367.21585280029103,796997.5099163516,798155.307019949,798527.216019949,371.909,done,
796,258.32706399960443,799705.0411008094,800866.2926319838,801129.5136319838,263.221,done,
797,480.2529292006511,802412.572285267,803576.713152051,804063.838152051,487.125,done,
798,378.9847959997133,805120.1034697245,806286.8507399559,806671.3577399559,384.507,done,
799,452.3291607038118,807827.6346541821,808997.4806449413,809455.2366449414,457.756,done,
800,173.1288799957838,810535.1658386397,811708.2487670183,811886.1717670183,177.923,done,
801,514.6720790013205,811642.2329300151,812816.8372280598,813336.1222280598,519.285,done,
802,310.37857540068217,812749.3000213905,813925.4360949993,814241.3660949994,315.93,done,
803,476.743416901445,813856.3671127659,815033.896674037,815516.676674037,482.78,done,
804,355.34643629798666,814963.4342041413,816142.090247035,816502.725247035,360.635,done,
805,479.69602860393934,816070.5012955167,817250.2289940119,817735.1589940119,484.93,done,
806,319.14656340377405,817177.5683868921,818358.4789990187,818683.0139990187,324.535,done,
807,297.2280292015057,818284.6354782674,819466.5393830538,819769.9433830538,303.404,done,
808,207.11011299863455,819391.7025696428,820575.4682540894,820788.0202540894,212.552,done,
809,572.3355485009961,820498.7696610183,821683.5880730152,822261.2930730152,577.705,done,
810,594.0814441011753,821605.8367523936,822791.573726058,823390.944726058,599.371,done,
811,336.298147495836,824993.7874415866,826183.4920890331,826524.9740890331,341.482,done,
812,514.0906373038888,828381.7381307795,829575.8317401409,830096.5847401409,520.753,done,
813,215.68472610088065,831769.6888199724,832967.350605011,833189.779605011,222.429,done,
814,428.2746637996752,835157.6395091653,836358.7840530872,836791.7650530873,432.981,done,
815,562.7185194985941,838545.5901983583,839750.5125120878,840318.2005120878,567.688,done,
816,543.2708095991984,841933.5408875513,843141.8673160076,843691.7103160076,549.843,done,
817,313.1061549007427,845321.4915767441,846533.5024650097,846853.1534650096,319.651,done,
818,125.37918770103715,848709.4422659371,849924.9994649887,850054.9904649887,129.991,done,
819,317.8303127991967,852097.39295513,853317.0077090263,853639.2997090264,322.292,done,
820,320.79827139968984,855485.343644323,856708.2257580757,857033.5817580757,325.356,done,
821,472.3031520959921,855924.1934406036,857147.4617019892,857625.3297019892,477.868,done,
822,204.69401309965176,856363.0432368843,857587.4592050314,857830.2362050314,242.777,done,
823,450.94358130008914,856801.8930331649,858027.204646945,858482.732646945,455.528,done,
824,392.2584261978045,857240.7428294455,858467.1703010798,858875.2163010797,408.046,done,
825,373.20654230425134,857679.5926257262,858906.9858649969,859285.7378649969,378.752,done,
826,254.42640610272065,858118.4424220069,859346.5802390575,859606.2152390576,259.635,done,
827,390.9435997018591,858557.2922182875,859786.1131510735,860182.5711510734,396.458,done,
828,272.0660609018523,858996.1420145681,860225.3515400887,860503.8815400887,278.53,done,
829,391.2688599026296,859434.9918108488,860664.8241790533,861063.0661790533,398.242,done,
830,570.5514313012827,859873.8416071294,861104.8279670477,861683.6539670477,578.826,done,
831,312.8605742007494,860702.9542374547,861934.6727011204,862253.2457011204,318.573,done,
832,399.351325497264,861532.0668677799,862764.5166670084,863170.8426670084,406.326,done,
833,494.8815735988319,862361.1794981052,863595.0048570633,864095.3428570633,500.338,done,
834,187.18750510015525,863190.2921284304,864425.3481240273,864617.7101240272,192.362,done,
835,410.1508479972836,864019.4047587557,865256.1181960106,865672.2351960106,416.117,done,
836,360.05825370084494,864848.517389081,866087.3375630379,866452.4435630379,365.106,done,
837,385.8134036010597,865677.6300194062,866917.6192990541,867308.6982990542,391.079,done,
838,312.28644739603624,866506.7426497315,867747.868628025,868065.2766280251,317.408,done,
839,262.36188169568777,867335.8552800567,868578.5544010401,868846.4174010401,267.863,done,
840,339.84198800171725,868164.967910382,869408.7396850586,869754.0176850586,345.278,done,
841,496.5508496039547,868421.4858378415,869924.0137170553,870250.7237170553,326.71,error,7.0
842,924.7908304969314,868678.003765301,869666.4969689846,870250.8549689846,584.358,done,
843,552.9287152981851,868934.5216927605,870438.822879076,870803.774879076,364.952,error,7.0
844,418.2006044022273,869191.0396202201,870181.7109360695,870804.0199360695,622.309,done,
845,207.82275279634632,869447.5575476796,870696.6023030281,871012.0093030281,315.407,done,
846,254.05075430171564,869704.0754751391,870953.9239120483,871266.1839120483,312.26,done,
847,327.7992309012916,869960.5934025986,871210.9245970249,871594.1615970249,383.237,done,
848,445.5533797037788,870217.1113300582,871468.1415820122,872039.9735820122,571.832,done,
849,419.5947368978523,870473.6292575176,871725.0634850264,872039.9744850263,314.911,error,7.0
850,338.70010059908964,870730.1471849772,871982.8225851059,872378.899585106,396.077,done,
851,533.2242775999475,871114.7547628955,872754.0551170111,872912.1731170111,158.118,error,7.0
852,336.624932999257,871499.3623408139,872368.0841230154,872912.3951230154,544.311,done,
853,400.5068814032711,871883.9699187322,873139.3061090708,873545.8211090708,406.515,done,
854,452.1391315967776,872268.5774966505,873525.1490830183,873998.2490830183,473.1,done,
855,455.6271798966918,872653.1850745687,873910.9379290342,874454.0319290343,543.094,done,
856,354.4299667002633,873037.792652487,874296.2859311104,874454.0689311104,157.783,error,7.0
857,979.8367479001172,873422.4002304054,875068.0091040134,875666.9651040134,598.956,error,7.0
858,376.8926902033854,873807.0078083237,875453.8422300816,875667.0212300816,213.179,error,7.0
859,411.9910595996771,874191.615386242,874682.1630580425,875667.3310580425,985.168,done,
860,348.3726985985413,874576.2229641604,875839.2004990578,876192.5614990578,353.361,done,
861,354.0268271986861,876988.7784682604,878255.418776989,878614.977776989,359.559,done,
862,234.31084379553795,879401.3339723605,880670.8259090185,880910.2269090185,239.401,done,
863,499.8906402965076,881813.8894764606,883086.1889690161,883591.283969016,505.095,done,
864,184.05912229791284,884226.4449805607,885500.9815590382,885690.3255590382,189.344,done,
865,235.88461080216803,886639.0004846607,887916.3342120647,888157.8332120647,241.499,done,
866,425.9440755005926,889051.5559887608,890332.7972840071,890763.6042840071,430.807,done,
867,335.2426594996359,891464.1114928608,892748.4030439854,893088.5300439853,340.127,done,
868,381.0053070017602,893876.666996961,895163.3856720924,895549.5086720925,386.123,done,
869,225.81430900027044,896289.222501061,897579.2594159842,897810.4864159841,231.227,done,
870,337.2975615959149,898701.7780051611,899994.3125840425,900336.6985840426,342.386,done,
871,616.7204471013974,899019.3376358099,900631.7655470371,900953.4245470371,321.659,error,7.0
872,439.7974333027378,899336.8972664586,900313.0895960331,900953.7155960331,640.626,done,
873,543.7817757017912,899654.4568971074,901268.7548280954,901500.7138280955,231.959,error,7.0
874,360.2835756028071,899972.0165277561,900950.5225141048,901500.9045141048,550.382,done,
875,425.08970159688033,900289.5761584049,901586.69869411,902017.69269411,430.994,done,
876,300.5145741975866,900607.1357890537,901905.4868810176,902318.4308810176,412.944,done,
877,219.35109629994255,900924.6954197024,902224.5800681114,902538.0500681114,313.47,done,
878,558.8314099004492,901242.2550503511,902861.4795320034,903107.8105320034,246.331,error,7.0
879,359.22838789992966,901559.814681,902542.7058730124,903107.9698730124,565.264,done,
880,413.4969570965041,901877.3743116488,903226.284592986,903599.115592986,372.831,error,7.0
881,402.40767060313374,901922.4505512894,903271.773600936,903599.1546009361,327.381,error,7.0
882,259.006691200193,901967.52679093,903362.8082580566,903599.3052580566,236.497,error,7.0
883,541.4659362984821,902012.6030305704,903453.824197054,903599.507197054,145.683,error,7.0
884,369.0292526967824,902057.6792702113,903180.7784750462,903599.4794750462,418.701,done,
885,352.72574159898795,902102.7555098518,903317.3014410734,903599.5384410734,282.237,error,7.0
886,306.1900508997496,902147.8317494924,903408.318846941,903599.598846941,191.28,error,7.0
887,385.9134625003208,902192.907989133,903544.8887460232,903985.3577460232,440.469,error,7.0
888,224.49938610079695,902237.9842287736,903590.3936780692,903985.4086780692,395.015,error,7.0
889,234.3766441976186,902283.0604684142,903499.3336681128,903985.6826681128,486.349,done,
890,335.1386910013389,902389.6943896716,903697.316298008,903985.770298008,288.454,error,7.0
891,266.0532325971872,902496.3283109288,903804.9024889468,903985.9724889467,181.07,error,7.0
892,332.68051050254144,902602.9622321862,904019.7291511296,904318.2401511297,298.511,error,7.0
893,241.8954089982435,902709.5961534436,904127.3653490545,904318.3933490545,191.028,error,7.0
894,367.15587680228055,902816.2300747008,903912.4946860076,904318.5616860077,406.067,done,
895,210.7685494993348,903246.5420124012,904559.5329200028,904775.9529200029,216.42,done,
896,611.731843801681,903676.8539501016,905421.805554986,905608.190554986,186.385,error,7.0
897,410.8013454009779,904107.165887802,904990.9009389876,905608.3199389876,617.419,done,
898,224.67727530165573,904537.4778255024,905853.255777955,906083.095777955,229.84,done,
899,323.43428150052205,904967.7897632028,906284.0661081076,906613.6501081076,329.584,done,
900,424.6969885018189,905398.101700903,906715.4964950084,907145.7394950084,430.243,done,
901,284.5183603989426,905828.4136386034,907146.3417459726,907435.9457459727,289.604,done,
902,330.9231724997517,906258.7255763036,907577.8219310044,907914.8789310044,337.057,done,
903,420.22047719801776,906689.037514004,908008.686248064,908434.281248064,425.595,done,
904,329.3914315989241,907119.3494517044,908440.1815890074,908774.9625890073,334.781,done,
905,551.8049813981634,907511.0919167938,909225.589763999,909389.932763999,164.343,error,7.0
906,266.4837710035499,907902.8343818831,908832.7530111074,909390.2060111074,557.453,done,
907,320.42303680209443,908294.5768469728,909618.088062048,909944.796062048,326.708,done,
908,464.8416192037985,908686.319312062,910010.5816800594,910480.9006800595,470.319,done,
909,564.8662637977395,909078.0617771517,910795.96904099,911045.75104099,249.782,error,7.0
910,244.80625110445544,909469.8042422412,910403.4405020477,911045.8655020477,642.425,done,
911,153.9590190979652,909861.5467073304,911189.7439830304,911348.9139830305,159.17,done,
912,525.3316538990475,910253.28917242,911582.8413159848,912114.3263159848,531.485,done,
913,408.25308630010113,910645.0316375094,912368.3687109948,912522.7087109948,154.34,error,7.0
914,302.7936548984144,911036.7741025988,911975.7119419576,912522.9919419576,547.28,done,
915,228.2405378005933,915811.3905620464,917148.2720410824,917381.7160410824,233.444,done,
916,574.8439873976167,920586.007021494,921928.1332540512,922508.1112540512,579.978,done,
917,359.76772899739444,925360.6234809416,926707.206367135,927072.139367135,364.933,done,
918,290.8626697026193,930135.2399403892,931487.3683860302,931783.7403860302,296.372,done,
919,410.8955750009045,934909.8563998368,936267.0940309764,936683.1170309765,416.023,done,
920,419.2284589982592,939684.4728592844,941046.4648059608,941471.7258059608,425.261,done,
921,407.8977052995469,944459.089318732,945825.8598150016,946239.8958150016,414.036,done,
922,437.1791799960192,949233.7057781796,950605.0909019707,951047.0299019708,441.939,done,
923,472.9092685971409,954008.3222376272,955385.2032561302,955863.4262561302,478.223,done,
924,267.4698251008522,958782.9386970748,960164.5519549848,960436.7859549848,272.234,done,
925,428.9714838028885,960185.0877066476,961568.765033126,962003.2050331259,434.44,done,
926,343.6916670994833,961587.2367162206,962972.983418107,963322.154418107,349.171,done,
927,521.4228853001259,962989.3857257935,964376.9071400166,964903.6861400165,526.779,done,
928,446.3593746011611,964391.5347353666,965780.236994028,966232.384994028,452.148,done,
929,544.0645169001073,965793.6837449396,967185.0651019812,967733.5061019812,548.441,done,
930,412.678250600584,968858.8206144776,970253.7369430064,970671.2659430064,417.529,done,
931,290.8830263011623,971923.9574840156,973322.6895489692,973618.7675489691,296.078,done,
932,267.00291129527614,974989.0943535536,976391.436469078,976664.284469078,272.848,done,
933,357.0825162983965,978054.2312230916,979460.8593910933,979823.2283910932,362.369,done,
934,219.65947469579987,981119.3680926296,982529.6825780869,982754.6085780868,224.926,done,
935,494.5783086994197,991497.1780335116,992918.587022066,993418.087022066,499.5,done,
936,323.1137854978442,1001874.9879743936,1003306.9305570126,1003634.9235570126,327.993,done,
937,172.91677430039272,1012252.7979152754,1013695.8553800584,1013873.1053800584,177.25,done,
938,474.25365049857646,1022630.6078561574,1024085.0885480642,1024564.2245480643,479.136,done,
939,325.958205095958,1033008.4177970391,1034473.872344017,1034804.570344017,330.698,done,
940,540.3396686015185,1038973.788426652,1040444.8312690258,1040991.4232690257,546.592,done,
941,398.73700849711895,1044939.1590562646,1046417.607063055,1046821.5320630551,403.925,done,
942,315.040233702166,1050904.5296858773,1052388.801699996,1052709.297699996,320.496,done,
943,437.2487064974848,1056869.90031549,1058360.6580181122,1058802.4890181122,441.831,done,
944,185.9078860026784,1062835.2709451024,1064331.733778,1064522.562778,190.829,done,
945,260.4576033016201,1063061.587870886,1064558.333654046,1064824.682654046,266.349,done,
946,306.7383426998276,1063287.9047966695,1064784.9989010096,1065131.5559010096,346.557,done,
947,502.2197676007636,1063514.2217224534,1065465.9792779684,1065633.9022779684,167.923,error,7.0
948,201.3426584016997,1063740.538648237,1065012.4440760612,1065633.9090760613,621.465,done,
949,269.8727959999814,1063966.8555740209,1065239.3174530268,1065633.9544530269,394.637,error,7.0
950,347.6094049983658,1071114.0189305218,1072620.6741600037,1072973.4871600037,352.813,done,
951,479.1382756025996,1078261.1822870227,1079776.0139609575,1080259.9699609575,483.956,done,
952,476.4405497990083,1085408.3456435238,1086930.363466978,1087412.1934669781,481.83,done,
953,299.45214980398305,1092555.5090000248,1094084.559316039,1094389.816316039,305.257,done,
954,386.2203031021636,1099702.672356526,1101238.9351450205,1101630.8391450206,391.904,done,
955,643.7256951001473,1102743.9265137,1104283.2801810503,1104931.3851810503,648.105,done,
956,699.9297178001143,1105785.1806708744,1107327.504668951,1108032.042668951,704.538,done,
957,260.4591233015526,1108826.4348280486,1110371.2272020578,1110636.3552020579,265.128,done,
958,317.74926200159825,1111867.688985223,1113416.803761959,1113739.226761959,322.423,done,
959,437.1022918028757,1114908.943142397,1116461.642998099,1116902.957998099,441.315,done,
960,740.9249873016961,1116355.907135268,1117910.6064870358,1118657.5014870358,746.895,done,
961,418.54263080167584,1117802.871128139,1119359.9239360094,1119783.2559360093,423.332,done,
962,392.9782230989076,1119249.83512101,1120809.0282270908,1121206.9872270909,397.959,done,
963,298.8986128999386,1120696.799113881,1122257.765916109,1122561.4709161092,303.705,done,
964,476.8995105987415,1122143.763106752,1123706.3551210165,1124188.4891210166,482.134,done,
965,463.0705945950467,1124279.6094172357,1125845.8241200447,1126313.8141200447,467.99,done,
966,276.84068189701065,1126415.4557277188,1127984.2260719538,1128265.4590719538,281.233,done,
967,480.58115349849686,1128551.3020382023,1130123.000352025,1130608.129352025,485.129,done,
968,337.5233946950175,1130687.1483486856,1132261.479058981,1132605.336058981,343.857,done,
969,494.7905601991806,1132822.994659169,1134399.7815550566,1134899.2025550567,499.421,done,
970,462.31205030344427,1133718.7183982616,1135296.16101408,1135763.36201408,467.201,done,
971,640.6320765963756,1134614.4421373538,1136193.3058720827,1136838.7618720827,645.456,done,
972,393.6967730987817,1135510.1658764463,1137089.529513121,1137488.2465131208,398.717,done,
973,494.9192847998347,1136405.8896155383,1137986.279065013,1138486.343065013,500.064,done,
974,489.4205663003959,1137301.613354631,1139196.1901079416,1139378.5471079417,182.357,error,7.0
975,573.1088263972197,1137613.8377467843,1138883.3595280647,1139378.6125280648,495.253,done,
976,376.5219364955556,1137926.0621389376,1139509.5298360586,1139890.0518360587,380.522,done,
977,463.9756202988792,1138238.2865310907,1140135.0244220495,1140354.1584220496,219.134,error,7.0
978,202.95533199678172,1138550.510923244,1139822.291622043,1140354.3666220428,532.075,done,
979,378.7340256036259,1138862.7353153974,1140448.1058050394,1140831.7438050394,383.638,done,
980,562.9537535016425,1140559.9595879363,1142146.7775460482,1142714.4925460482,567.715,done,
981,323.9039612992201,1142257.183860476,1143845.336912036,1144174.299912036,328.963,done,
982,412.6396451028995,1143954.408133015,1145544.40654397,1145961.7575439701,417.351,done,
983,496.14429240464233,1145651.6324055544,1147243.7595950365,1147744.3905950366,500.631,done,
984,749.7887452016585,1147348.8566780936,1148943.303943038,1149698.063943038,754.76,done,
985,298.29966119723395,1149975.6836552608,1151572.6323940754,1151875.3833940753,302.751,done,
986,435.0172411999665,1152602.510632428,1154202.3770329952,1154641.8340329952,439.457,done,
987,332.6037795981392,1155229.3376095952,1156831.7672930956,1157168.7352930957,336.968,done,
988,133.23436779901382,1157856.1645867622,1159461.7905310392,1159599.6325310392,137.842,done,
989,615.648811601568,1160482.9915639297,1162091.836467981,1162712.434467981,620.598,done,
990,438.3090068004094,1161574.4079549515,1163184.5247850418,1163628.1377850417,443.613,done,
991,285.077626502607,1162665.824345973,1164277.529487133,1164566.948487133,289.419,done,
992,322.4479413998779,1163757.2407369954,1165370.3688030243,1165698.0898030242,327.721,done,
993,438.1091949995607,1164848.6571280172,1166463.6064291,1166906.9014291,443.295,done,
994,319.5374766015448,1165940.0735190392,1167556.3043841124,1167882.0563841125,325.752,done,
995,999.7818886011372,1166083.371154162,1167700.9142260551,1167882.1132260552,181.199,error,7.0
996,443.2181650015991,1166226.6687892848,1167990.0012100935,1168325.3752100936,335.374,error,7.0
997,408.0363866989501,1166369.9664244074,1168134.606163025,1168325.449163025,190.843,error,7.0
998,312.32203820254654,1166513.2640595303,1167845.5259541273,1168325.6529541274,480.127,done,
999,424.11981290206313,1166656.561694653,1168279.2289960384,1168749.9499960383,470.721,done,
1000,292.95781329856254,1167578.8201761905,1169202.1084361076,1169499.5564361077,297.448,done,
1001,340.23966030217707,1168501.0786577282,1170125.945760965,1170471.115760965,345.17,done,
1002,457.9247985035181,1169423.3371392656,1171049.417042971,1171512.1850429708,462.768,done,
1003,298.9772944012657,1170345.5956208033,1171972.2957150936,1172276.6417150935,304.346,done,
1004,588.099571998464,1171267.8541023408,1172895.9526369572,1173489.3636369572,593.411,done,
1005,408.7740079965442,1173126.9486983076,1174757.3839470148,1175171.993947015,414.61,done,
1006,304.0533831983339,1174986.0432942745,1176618.1498720646,1176926.8978720645,308.748,done,
1007,433.09496229630895,1176845.137890241,1178479.1273480654,1178917.4163480655,438.289,done,
1008,293.0047131027095,1178704.2324862082,1180340.5633369684,1180639.4473369685,298.884,done,
1009,396.7787273984868,1180563.327082175,1182201.7735260725,1182603.4025260725,401.629,done,
1010,434.182944195345,1181931.7651916891,1183572.1146941185,1184011.0516941184,438.937,done,
1011,336.62561399978586,1183300.2033012032,1184941.7271990776,1185283.3581990777,341.631,done,
1012,242.9046943958383,1184668.6414107173,1186312.1290590763,1186560.1940590763,248.065,done,
1013,365.009975398425,1186037.079520231,1187682.1187120676,1188052.1097120675,369.991,done,
1014,278.91499390243564,1187405.5176297454,1189051.906380057,1189336.4563800571,284.55,done,
1015,406.6583200008608,1192813.3172545482,1194465.4644839764,1194877.9164839764,412.452,done,
1016,378.043915098533,1198221.116879351,1199878.7874270678,1200262.4154270678,383.628,done,
1017,192.9571051034145,1203628.9165041535,1205292.351881981,1205489.803881981,197.452,done,
1018,202.5000820984133,1209036.7161289563,1210705.9226911068,1210913.1126911067,207.19,done,
1019,322.6524032012094,1214444.515753759,1216119.1305279732,1216446.662527973,327.532,done,
1020,687.1987032995094,1217368.0121424487,1219045.9918171167,1219738.5938171167,692.602,done,
1021,152.4766835034825,1220291.5085311383,1221972.6876490116,1222130.4916490116,157.804,done,
1022,301.17282480350696,1223215.004919828,1224899.2891250849,1225206.5021250849,307.213,done,
1023,504.4483095000032,1226138.5013085175,1227825.9013550282,1228335.017355028,509.116,done,
1024,344.4576537993271,1229061.9976972071,1230752.2009010315,1231103.4599010316,351.259,done,
1025,381.6193649021443,1229683.2480114864,1231374.5127780435,1231761.4587780435,386.946,done,
1026,407.1380720997695,1230304.4983257654,1231996.4679710865,1232410.1449710864,413.677,done,
1027,280.9343998960685,1230925.7486400446,1232619.1302460432,1232906.1302460432,287.0,done,
1028,466.5957778051961,1231546.9989543236,1233241.1981639862,1233713.0651639863,471.867,done,
1029,419.380413799081,1232168.2492686028,1233862.9597539902,1234288.5787539901,425.619,done,
1030,417.5451879040338,1232996.6812986194,1234692.707107067,1235115.2001070671,422.493,done,
1031,538.5941895016003,1233825.113328636,1235522.0890460014,1236067.0580460015,544.969,done,
1032,481.3187981024385,1234653.5453586527,1236351.1299459934,1236837.5789459934,486.449,done,
1033,273.6569837026764,1235481.9773886693,1237180.6807630062,1237459.570763006,278.89,done,
1034,220.2535275020637,1236310.4094186858,1238009.814413071,1238236.229413071,226.415,done,
1035,374.2213134013582,1237138.8414487024,1238839.5640000105,1239219.3090000106,379.745,done,
1036,426.0215944959782,1237967.273478719,1239669.5254189968,1240101.8744189967,432.349,done,
1037,285.7099271030165,1238795.7055087355,1240498.9853010178,1240790.4693010177,291.484,done,
1038,338.248021400068,1239624.1375387523,,,,error,
