# {"debug": false, "pause": false, "output": "/home/cc/DynWork/multimodal_dataset/repeat-1/Multimodal_Real_Dataset/Azure/summarization/bart_cnn/2_x_P99/clipper", "slo_us": 124000, "batch_size": 8, "reqs": "/home/cc/DynWork/multimodal_dataset/repeat-1/Multimodal_Real_Dataset/Azure/summarization/bart_cnn/jobs.bucketed.csv", "latencies": "/home/cc/DynWork/multimodal_dataset/repeat-1/Multimodal_Real_Dataset/Azure/summarization/bart_cnn/latencies.csv"}
JobId,Length,Admitted,Started,Finished,Latency,State,EName
0,22.552872622895585,0.0,6.701326996088028,33.38311299897032,26.68178600288229,done,
1,22.836057246793967,19.09938042016735,25.8033449947834,58.13163899554638,32.32829400076298,done,
2,22.97187900374643,38.1987608403347,44.90673799812794,83.81654199404875,38.90980399592081,done,
3,22.514980137723487,57.29814126050205,64.00985100120306,107.44023900409229,43.43038800288923,done,
4,22.479520304118317,76.3975216806694,102.21509200334548,141.19971400202485,38.98462199867936,done,
5,22.40703857582932,95.49690210083676,83.11335099488497,141.35150899738073,58.238158002495766,done,
6,57.33411840981448,114.5962825210041,121.31866300106049,198.67061799950898,77.35195499844849,done,
7,58.81281121416386,133.69566294117146,140.4214690029621,270.501075005217,130.07960600225488,past_due,
8,62.817387468289446,152.7950433613388,159.52410999685526,283.8544419975369,124.33033200068166,past_due,
9,59.40550108634475,171.8944237815061,178.625940002501,295.70652700128267,117.08058699878164,done,
10,58.06269494906019,190.9938042016735,197.72962599992752,323.23506699933205,125.50544099940453,past_due,
11,58.80201797263885,214.8680297268827,221.60687899589536,345.97180199046846,124.36492299457312,past_due,
12,60.43512278989974,238.7422552520919,245.48469600081444,370.43471600004705,124.9500199992326,past_due,
13,23.3489964366485,262.61648077730104,269.36294600367546,394.766690004908,125.40374400123255,past_due,
14,22.74633551662665,286.49070630251026,293.24158299714327,421.18277999252314,127.94119699537988,past_due,
15,59.14728271612291,310.36493182771943,317.119802005589,441.5507420045906,124.43093999900157,past_due,
16,23.09088378174462,334.2391573529286,340.9990640059113,469.138246007089,128.1391820011777,past_due,
17,22.83854679099059,358.1133828781378,364.8762850016356,489.14463600068126,124.26835099904564,past_due,
18,57.090717563455534,381.987608403347,388.7546709999442,516.6040680020815,127.84939700213728,past_due,
19,21.58663757108766,397.9037587534864,404.6747950017452,532.8245270032203,128.14973200147506,past_due,
20,58.64494788528077,413.819909103626,420.5932919979096,548.8989129919792,128.30562099406959,past_due,
21,56.95651008265806,429.7360594537654,436.513067997992,564.4885909968871,127.97552299889504,past_due,
22,21.83559419744462,445.6522098039048,452.4312000051141,580.6943859991152,128.2631859940011,past_due,
23,61.3971170746274,461.5683601540443,468.3508599996567,593.4771190009196,125.12625900126297,past_due,
24,56.77016485557061,477.4845105041837,484.2687370032072,608.329558002355,124.06082099914784,past_due,
25,58.00587262207858,493.4006608543232,500.1882320046425,624.4085500055226,124.22031800088008,past_due,
26,57.32291139652638,509.3168112044627,516.1072059944272,644.1175639937283,128.01035799930102,past_due,
27,60.25172849307267,525.2329615546021,532.0270740017295,656.8502990017296,124.8232250000001,past_due,
28,22.62388168992696,541.1491119047416,547.9465150013566,672.3243159970734,124.37780099571684,past_due,
29,59.51958663615923,557.0652622548811,563.8654650002718,688.0270640004892,124.1615990002174,past_due,
30,22.569719461134717,572.9814126050205,579.784744001925,707.6533810079563,127.86863700603136,past_due,
31,57.78382536224825,585.7143328851321,592.5198790058494,720.5817370043951,128.06185799854578,past_due,
32,55.14477406202512,598.4472531652436,605.2554870024323,733.386894002615,128.13140700018266,past_due,
33,59.50659707266677,611.1801734453552,617.9907450005412,746.2288789993618,128.23813399882056,past_due,
34,22.304036116250085,623.9130937254668,630.7302279993892,759.3859069994651,128.6556790000759,past_due,
35,21.801935584477263,636.6460140055783,643.4666750058532,771.3779480102821,127.91127300442896,past_due,
36,56.19544619253929,649.3789342856899,656.2027310058475,780.361065007397,124.15833400154952,past_due,
37,54.66057229570631,662.1118545658014,668.939329996705,793.2971089977073,124.3577790010022,past_due,
38,60.678165023988456,674.844774845913,681.6749569997191,805.7917590057477,124.1168020060286,past_due,
39,59.393660796002905,687.5776951260245,694.4104349985719,818.5489749975386,124.13853999896672,past_due,
40,22.59934944059528,700.3106154061362,707.145482994616,835.5577299897559,128.4122469951399,past_due,
41,22.949455803300484,713.0435356862478,719.8808259963989,844.0341629939503,124.15333699755138,past_due,
42,23.53792876502721,725.7764559663593,732.617414996028,856.881442999409,124.2640280033811,past_due,
43,22.810089790935333,738.5093762464709,745.3545869961381,869.5916379969567,124.2370510008186,past_due,
44,22.105263317871135,751.2422965265824,758.1230510026217,882.4922320040059,124.36918100138428,past_due,
45,55.19560671374557,763.975216806694,770.8588810041547,899.0673050052137,128.20842400105906,past_due,
46,23.20335074431445,785.19675060688,792.0840540006757,920.3556129993522,128.27155899867648,past_due,
47,23.040560728237093,806.4182844070659,813.3088189959526,941.5259689947707,128.21714999881806,past_due,
48,22.87239193023403,827.6398182072518,834.5336190015078,962.8009590070578,128.2673400055501,past_due,
49,22.50218441711917,848.8613520074377,855.7587269991636,981.8768049975624,126.1180779983988,past_due,
50,22.914719922960472,870.0828858076237,876.9829299971461,1001.1938149954658,124.21088499831968,past_due,
51,57.019431539307945,891.3044196078097,898.2184820026159,1022.4417070032214,124.22322500060544,past_due,
52,22.92357492146132,912.5259534079956,919.4436720013618,1043.7410559994169,124.297383998055,past_due,
53,60.34037866824445,933.7474872081816,940.6685170009732,1064.919159003126,124.25064200215274,past_due,
54,56.2807640904723,954.9690210083676,961.8945289999248,1086.3270450004495,124.43251600052464,past_due,
55,22.121455571363462,974.0684014285348,981.0090409964324,1105.2983459967074,124.28930500027492,past_due,
56,21.652317382060232,993.167781848702,1000.1108760014176,1124.3167030013865,124.20582699996883,past_due,
57,57.85673235113195,1012.2671622688696,1019.2260159999132,1143.4149219964747,124.18890599656152,past_due,
58,56.75701586254416,1031.3665426890368,1038.3320159986615,1162.742483999522,124.41046800086042,past_due,
59,53.99518115729232,1050.465923109204,1057.4474269971251,1181.8220409997157,124.37461400259052,past_due,
60,56.54963174236795,1069.5653035293717,1076.5493170022964,1200.7132880010759,124.1639709987794,past_due,
61,59.742327966404346,1088.664683949539,1095.6517319977283,1224.609276000061,128.95754400233272,past_due,
62,22.545208033714168,1107.7640643697064,1114.76687400043,1240.4496900044032,125.68281600397312,past_due,
63,57.53902983174415,1126.8634447898737,1133.8699180036783,1258.2532439978095,124.38332599413116,past_due,
64,58.05123396841889,1145.962825210041,1152.9727799966931,1277.1822639948223,124.20948399812914,past_due,
65,22.21580849574138,1163.325898319284,1170.338147006929,1294.559560010326,124.22141300339716,past_due,
66,21.96433557283528,1180.688971428527,1187.7055869996548,1312.081017997698,124.37543099804316,past_due,
67,23.373785003441714,1198.05204453777,1205.071802996099,1329.379568999866,124.30776600376704,past_due,
68,22.01373674544364,1215.4151176470132,1222.444066002965,1347.5635570030427,125.11949100007769,past_due,
69,22.34100524823513,1232.7781907562562,1239.81043600291,1366.1948240034978,126.38438800058792,past_due,
70,59.32035913768328,1250.1412638654992,1257.1770559996369,1381.3570719983547,124.18001599871786,past_due,
71,59.30881326619282,1267.5043369747425,1274.543688006699,1398.9701690078364,124.42648100113728,past_due,
72,22.785334944590847,1284.8674100839853,1291.9096489995718,1415.8685559951118,123.95890699554002,past_due,
73,57.05555811674321,1302.2304831932283,1309.2766869962215,1433.6293349991902,124.35264800296864,past_due,
74,22.5202396149942,1319.5935563024714,1326.6429580003023,1451.0036879987456,124.36072999844328,past_due,
75,23.058740080927336,1336.9566294117144,1344.008910998702,1472.4605970019475,128.45168600324538,past_due,
76,57.28295406078728,1358.1781632119005,1365.234930999577,1493.4218269991106,128.18689599953362,past_due,
77,59.44385669162509,1379.3996970120863,1386.459550999105,1514.706431004568,128.24688000546305,past_due,
78,58.20003276295451,1400.6212308122722,1407.68553699553,1535.970930994779,128.28539399924918,past_due,
79,57.64864438773111,1421.8427646124585,1428.910475000739,1555.04754100024,126.13706599950092,past_due,
80,22.73307070733998,1443.064298412644,1450.135486997664,1574.5470199949923,124.41153299732832,past_due,
81,22.841647036007885,1464.2858322128302,1471.361605003476,1595.6105450063476,124.24894000287168,past_due,
82,22.301272592116387,1485.507366013016,1492.5911900028586,1616.9199300021864,124.3287399993278,past_due,
83,22.315733749373333,1506.728899813202,1513.8169759958982,1638.0985369980335,124.28156100213528,past_due,
84,58.50449103832268,1527.950433613388,1535.057707004249,1659.1600310042268,124.10232399997768,past_due,
85,55.083585725728746,1547.049814033555,1554.1609109938145,1678.5001949980506,124.3392840042361,past_due,
86,62.35604198088432,1566.1491944537229,1573.263218998909,1697.4798450042726,124.21662600536364,past_due,
87,22.78045861262952,1585.24857487389,1592.3660409972072,1716.5699269972392,124.20388600003209,past_due,
88,23.055337701124916,1604.347955294057,1611.4686350002885,1735.560340998869,124.09170599858044,past_due,
89,22.47693653558714,1623.447335714225,1630.5714989975097,1754.919033995888,124.34753499837824,past_due,
90,55.43748703584386,1642.5467161343922,1649.674964003265,1779.1603930059355,129.48542900267054,past_due,
91,21.636020786841417,1661.6460965545596,1668.7771339938045,1796.3112589940429,127.53412500023842,past_due,
92,58.24054577263447,1680.745476974727,1687.891258999705,1813.9283539964233,126.03709499671822,past_due,
93,58.09474076136084,1699.8448573948942,1706.9946779981256,1831.2909549956094,124.2962769974838,past_due,
94,22.509565738566227,1718.9442378150616,1726.097182996571,1850.372417000588,124.27523400401697,past_due,
95,22.452917956847426,1736.3073109243046,1743.463220000267,1867.6933020015713,124.23008200130424,past_due,
96,59.61132987669442,1753.6703840335476,1760.8284329995513,1885.0114969987771,124.18306399922584,past_due,
97,58.42712207788679,1771.033457142791,1778.1954889968038,1902.556453994126,124.3609649973223,past_due,
98,58.913432335324224,1788.3965302520337,1795.5616349950433,1919.7991709966445,124.23753600160126,past_due,
99,55.51165708978885,1805.7596033612767,1812.928870998323,1937.1788060029503,124.24993500462732,past_due,
100,23.48466307667464,1823.12267647052,1830.2958870008588,1956.390424999001,126.0945379981422,past_due,
101,22.24923604521164,1840.4857495797628,1847.6612350046637,1975.3564960033984,127.69526099873474,past_due,
102,22.46970102487817,1857.8488226890056,1865.027996003628,1994.3367050052623,129.3087090016343,past_due,
103,58.87294506732902,1875.2118957982489,1882.392982006073,2006.3394130044035,123.94643099833048,past_due,
104,22.21299845442221,1892.574968907492,1899.7591390013692,2024.2130520070784,124.45391300570918,past_due,
105,56.94421002116933,1909.938042016735,1917.1254240050912,2041.3667520102463,124.24132800515508,past_due,
106,22.532460264939385,1929.0374224369025,1936.2282259985805,2060.503754999023,124.27552900044248,past_due,
107,58.8520844456433,1948.1368028570696,1955.330824002624,2079.5473070063167,124.2164830036927,past_due,
108,57.419162767235846,1967.236183277237,1974.4343409985304,2098.78969800059,124.35535700205946,past_due,
109,59.59740468698101,1986.3355636974045,1993.537006996572,2117.647061992553,124.11005499598105,past_due,
110,23.037290519213016,2005.434944117572,2012.6394260004165,2140.606530003308,127.96710400289156,past_due,
111,22.31325280134838,2024.534324537739,2031.742843002081,2156.955084002635,125.21224100055406,past_due,
112,57.58828898750431,2043.6337049579065,2050.846577994525,2175.1436559949066,124.2970780003816,past_due,
113,60.55821842412129,2062.7330853780736,2069.9489049986005,2194.296115998586,124.34721099998568,past_due,
114,22.02353727764523,2081.832465798241,2089.0518580004573,2213.1473099967116,124.09545199625428,past_due,
115,22.68655492845124,2100.9318462184083,2108.1538790017366,2236.468214002787,128.3143350010505,past_due,
116,57.48500056165231,2116.847996568548,2124.0740730017424,2252.0877150045126,128.01364200277018,past_due,
117,22.88762461799806,2132.7641469186874,2139.9931060001254,2268.3721759964246,128.37906999629922,past_due,
118,22.6490559667232,2148.6802972688265,2155.9136839956045,2283.92289799609,128.00921400048534,past_due,
119,57.67787474998827,2164.596447618966,2171.8319500014186,2300.1909760005074,128.35902599908874,past_due,
120,23.002949527988758,2180.5125979691056,2187.750794999301,2311.9214929992445,124.17069799994351,past_due,
121,22.1413372430889,2196.428748319245,2203.670363999903,2328.004082005704,124.33371800580062,past_due,
122,22.44208544845793,2212.3448986693847,2219.5890809968114,2343.640371997608,124.05129100079648,past_due,
123,22.09374050476709,2228.2610490195243,2235.508877001703,2359.772939005634,124.26406200393104,past_due,
124,62.445850058775775,2244.177199369664,2251.4277199953794,2376.432031989796,125.00431199441664,past_due,
125,54.55709509773163,2260.093349719803,2267.348363995552,2395.534506998956,128.18614300340414,past_due,
126,57.3878536491732,2276.0095000699425,2283.267132997513,2407.3781729980838,124.11104000057094,past_due,
127,59.33222167847768,2291.925650420082,2299.187039002776,2423.385854002321,124.198814999545,past_due,
128,59.18154941125486,2311.025030840249,2318.2904789969325,2442.5815669997246,124.2910880027921,past_due,
129,22.613580458210222,2330.1244112604168,2337.391946002841,2461.5293110074126,124.13736500457162,past_due,
130,23.4497666093949,2349.2237916805843,2356.4954700022936,2480.6721449976903,124.17667499539677,past_due,
131,58.53309997580583,2368.3231721007514,2375.598212003708,2499.737121002865,124.13890899915714,past_due,
132,57.47464308558628,2387.4225525209185,2394.701572999358,2519.110491002968,124.40891800360988,past_due,
133,22.65672715788797,2406.521932941086,2413.8043000027537,2543.2551129967906,129.45081299403682,past_due,
134,60.02029485505066,2425.6213133612537,2432.906626999378,2560.296224000107,127.38959700072884,past_due,
135,22.35267956216518,2444.720693781421,2452.0104509964585,2577.9703909964883,125.95994000002976,past_due,
136,60.23118052443356,2463.820074201588,2471.113301999867,2595.3396649973,124.22636299743316,past_due,
137,58.9789720917105,2482.9194546217554,2490.215729996562,2614.554754991259,124.33902499469696,past_due,
138,60.361036153777576,2500.2825277309985,2507.5820309966803,2631.790103000647,124.20807200396666,past_due,
139,58.018707653571255,2517.645600840241,2524.949424996972,2649.271134995157,124.32170999818482,past_due,
140,22.90578331010111,2535.0086739494845,2542.3167729973798,2666.5483229958922,124.23154999851248,past_due,
141,22.42644009693028,2552.371747058728,2559.6822089999914,2683.8523719987716,124.17016299878014,past_due,
142,57.79419025403256,2569.7348201679706,2577.049359999597,2703.2879939945415,126.2386339949444,past_due,
143,23.224119166909155,2587.0978932772136,2594.4146880060434,2718.706677005219,124.29198899917536,past_due,
144,57.838180068645016,2604.4609663864567,2611.78195399791,2736.616573998821,124.83462000091096,past_due,
145,22.20964226466004,2621.8240394957,2629.148839995265,2753.222925996466,124.07408600120108,past_due,
146,58.82159676099819,2639.1871126049427,2646.515659995377,2770.7606919941027,124.2450319987256,past_due,
147,61.51944403334748,2656.550185714186,2663.8831569999456,2788.302924002055,124.41976700210944,past_due,
148,52.822538207510206,2673.913258823429,2681.248269997537,2809.5614519921364,128.31318199459926,past_due,
149,22.13268507302222,2695.134792623615,2702.473551005125,2830.755030008033,128.2814790029079,past_due,
150,58.39934882594022,2716.356326423801,2723.699136003852,2851.95643800369,128.25730199983806,past_due,
151,59.84038904377552,2737.5778602239866,2744.9250620007515,2873.1480000020238,128.2229380012723,past_due,
152,57.19915151745237,2758.7993940241727,2766.149728000164,2890.2913489961065,124.1416209959425,past_due,
153,22.14859612529845,2780.0209278243588,2787.375035002828,2911.5657170024356,124.19068199960748,past_due,
154,57.22065628392181,2801.242461624545,2808.6004659980536,2932.960026997491,124.35956099943724,past_due,
155,22.91782566740545,2822.4639954247305,2829.8398809954524,2953.937058994372,124.0971779989195,past_due,
156,22.875260931390056,2843.6855292249165,2851.0644050017,2976.08122599707,125.01682099536993,past_due,
157,57.59745728914363,2864.9070630251026,2872.29002700001,2996.7331930015935,124.44316600158344,past_due,
158,59.05466625202212,2879.598894117539,2886.984309002757,3011.0868150035385,124.10250600078145,past_due,
159,59.355890463169565,2894.290725209976,2901.6805589944124,3025.895097993198,124.21453899878544,past_due,
160,22.3444224025042,2908.982556302412,2916.3748259991407,3040.622445997782,124.24761999864133,past_due,
161,22.33809930676494,2923.674387394848,2931.069384999573,3055.0443740005717,123.9749890009989,past_due,
162,23.098817737908025,2938.3662184872846,2945.7646229937677,3070.2127939956267,124.448171001859,past_due,
163,58.93533549340209,2953.058049579721,2960.458406999707,3085.5229219991015,125.0645149993943,past_due,
164,23.103614111441765,2967.7498806721574,2975.153331004083,3099.5636220027227,124.41029099863954,past_due,
165,21.17501216205731,2982.441711764594,2989.848759002984,3114.191177002271,124.34241799928714,past_due,
166,60.21524447565904,2997.1335428570305,3004.5435160025954,3128.562883004488,124.01936700189252,past_due,
167,56.88165675656634,3011.8253739494667,3019.237841002643,3143.4895480012638,124.25170699862063,past_due,
168,22.42360327329242,3026.5172050419037,3033.9331250041723,3158.1457890032325,124.21266399906015,past_due,
169,58.49556828570507,3041.2090361343394,3048.6277649998665,3172.736750997603,124.10898599773644,past_due,
170,22.90266003123568,3055.900867226776,3063.3223280012608,3191.605609004211,128.28328100295042,past_due,
171,57.18886893463566,3077.122401026962,3084.548704996705,3212.8090099952533,128.26030499854824,past_due,
172,22.93985788501009,3098.343934827148,3105.773375995457,3233.916838995472,128.14346300001486,past_due,
173,60.72114532446618,3119.5654686273338,3126.998631000519,3255.175235005212,128.17660400469322,past_due,
174,22.74846024588408,3140.78700242752,3148.223026998341,3272.557685996464,124.3346589981229,past_due,
175,57.34238282146149,3162.008536227705,3169.4488460049038,3293.6236120000253,124.17476599512156,past_due,
176,58.040348919594976,3183.2300700278915,3190.6745169982314,3319.1365599997225,128.46204300149114,past_due,
177,59.43164380437549,3204.4516038280776,3211.899972997606,3336.157101996185,124.257128998579,past_due,
178,22.646696531546027,3225.6731376282632,3233.1251539960504,3357.4197309951414,124.29457699909108,past_due,
179,56.387653747183215,3246.8946714284493,3254.3501509949565,3383.02897399402,128.67882299906339,past_due,
180,22.22506559170531,3278.7269721287284,3286.185883998871,3414.794571001141,128.60868700227002,past_due,
181,23.07845446333806,3310.559272829007,3318.021597005427,3446.5394250067766,128.5178280013497,past_due,
182,21.91095334657738,3342.3915735292862,3349.858736999333,3474.239226999809,124.38049000047612,past_due,
183,21.40698772345156,3374.2238742295654,3381.695466004312,3509.9380330040003,128.24256699968828,past_due,
184,61.21773457092414,3406.056174929844,3413.552515000105,3538.132199001324,124.579684001219,past_due,
185,22.849967927754427,3437.888475630123,3445.389276005328,3563.5786460030363,118.18936999770813,done,
186,22.56215319239669,3459.110009430309,3466.6147629991174,3594.925603001204,128.31084000208648,past_due,
187,22.489711189451544,3480.331543230495,3487.8402089998126,3616.108351994597,128.26814299478428,past_due,
188,22.280296680488718,3501.553077030681,3509.0650680065155,3637.33167700388,128.2666089973645,past_due,
189,58.4468889300314,3522.774610830867,3530.2901580035686,3658.471063998237,128.18090599466814,past_due,
190,23.006545388612448,3543.9961446310526,3551.5157250016928,3679.7472939985455,128.2315689968527,past_due,
191,22.80182614781366,3565.2176784312387,3572.740810997784,3700.9462989971507,128.2054879993666,past_due,
192,22.725671953868066,3586.439212231425,3593.965910002589,3722.1484720052104,128.18256200262113,past_due,
193,59.62405305046192,3607.6607460316095,3615.191296994686,3743.3727839891217,128.18148699443557,past_due,
194,23.553400277814266,3628.882279831797,3636.416094996035,3764.6844970003585,128.26840200432343,past_due,
195,55.96116199187711,3650.103813631983,3657.6411969959736,3785.9067319965106,128.26553500053706,past_due,
196,22.60386046583745,3671.325347432168,3678.866631999612,3807.0850399969495,128.21840799733764,past_due,
197,57.10276592089487,3692.546881232354,3700.0923920050254,3833.220799001573,133.1284069965477,past_due,
198,22.84725115075708,3713.768415032541,3721.317803002894,3845.7237870056997,124.40598400280578,past_due,
199,22.14538420637189,3734.989948832726,3742.542364001274,3866.7667289989186,124.22436499764444,past_due,
200,61.86925415546795,3756.211482632912,3763.767200998962,3893.0928019947605,129.3256009957986,past_due,
201,56.22822390180341,3777.433016433098,3784.9919909983873,3909.3029889970785,124.31099799869116,past_due,
202,22.56482337675826,3798.654550233284,3806.216514997184,3930.480525996652,124.26401099946816,past_due,
203,22.60879343535456,3819.87608403347,3828.134709998965,3955.8295979957325,127.69488799676763,past_due,
204,60.03398328101291,3851.708384733749,3859.972056001425,3988.438872002007,128.46681600058218,past_due,
205,58.68799726763746,3883.540685434028,3891.8101430013776,4020.170783004316,128.36064000293842,past_due,
206,22.80722115781986,3915.3729861343063,3923.647027999162,4048.211482999089,124.56445499992697,past_due,
207,59.78187403350282,3947.205286834586,3955.485333003104,4072.0820560003053,116.59672299720114,done,
208,22.818240864138424,3979.037587534865,3987.321988999844,4111.711427998904,124.38943899906008,past_due,
209,60.890548927304536,4010.869888235144,4019.158439002931,4143.689415000845,124.53097599791364,past_due,
210,58.83070338690342,4028.2329613443862,4036.524953000248,4160.848093000591,124.3231400003424,past_due,
211,23.70280696543979,4045.5960344536297,4053.891612999141,4178.23811900249,124.34650600334862,past_due,
212,22.61121674183131,4062.9591075628728,4071.258441001177,4195.57278399769,124.314342996513,past_due,
213,21.359611908947404,4080.322180672116,4088.623580001295,4212.765075006755,124.14149500546046,past_due,
214,58.99109982065343,4097.685253781358,4105.991230994463,4230.235381998413,124.2441510039498,past_due,
215,22.58262980732564,4115.048326890602,4123.3570600003,4249.41781200195,126.06075200164923,past_due,
216,21.71828615681871,4132.411399999844,4140.723831996322,4268.341329000716,127.61749700439395,past_due,
217,58.27843837725867,4149.774473109088,4158.091207996011,4287.409794997773,129.31858700176235,past_due,
218,55.90495210134603,4167.1375462183305,4175.457146003842,4299.550928007753,124.09378200391076,past_due,
219,22.11749145576399,4184.500619327574,4192.823943004012,4317.286372001516,124.4624289975036,past_due,
220,56.741318093673,4201.863692436817,4210.194775998592,4334.484858995187,124.29008299659472,past_due,
221,56.50917468377541,4220.963072856984,4229.296574994922,4353.43080500036,124.13423000543844,past_due,
222,57.93831094361083,4240.062453277152,4248.400016002357,4372.731031004456,124.33101500209888,past_due,
223,22.326979650683377,4259.161833697319,4267.50227599591,4391.773296994914,124.27102099900368,past_due,
224,22.527410450392424,4278.261214117486,4286.605520002544,4410.86341200897,124.25789200642612,past_due,
225,57.39823733547501,4297.360594537653,4305.7071669995785,4429.925241000543,124.2180740009644,past_due,
226,60.6027900720162,4316.459974957821,4324.810207001865,4449.0591120001045,124.2489049982396,past_due,
227,55.86807469856378,4335.559355377988,4343.917139001191,4471.424122998782,127.5069839975913,past_due,
228,60.37681652559802,4354.658735798155,4363.019672997296,4489.02605800319,126.00638500589412,past_due,
229,22.77016386164405,4373.758116218323,4382.123168997467,4506.3457210010965,124.22255200362996,past_due,
230,23.087459996342574,4392.85749663849,4401.226502001286,4525.594475004531,124.36797300324542,past_due,
231,56.35618158371917,4410.220569747734,4418.591912001371,4542.709874995577,124.1179629942053,past_due,
232,56.85452303199206,4427.583642856976,4435.958275996149,4560.407617997902,124.4493420017534,past_due,
233,23.51240134101464,4444.94671596622,4453.324662998319,4577.691773997038,124.367110998719,past_due,
234,58.15945678573175,4462.309789075463,4470.690897993743,4594.92898899084,124.23809099709617,past_due,
235,22.678805713774,4479.672862184706,4488.061874002218,4612.457030004938,124.39515600271989,past_due,
236,60.45873099420122,4497.035935293949,4505.427683003247,4629.6015790048405,124.17389600159368,past_due,
237,60.00234169346992,4514.399008403192,4522.794613994658,4647.181500995241,124.38688700058265,past_due,
238,56.26399917513707,4531.762081512435,4540.16130900383,4664.466593003832,124.30528400000183,past_due,
239,57.155913073853874,4549.125154621678,4557.527964003384,4681.826917003491,124.29895300010683,past_due,
240,22.58004413666188,4566.488227730921,4574.894770003855,4699.372597001318,124.47782699746313,past_due,
241,22.594777681589125,4583.851300840164,4592.260184004903,4716.489847005636,124.22966300073313,past_due,
242,58.286796312388006,4601.214373949407,4609.627201996744,4733.943085000617,124.31588300387376,past_due,
243,58.92369323223237,4618.57744705865,4626.992414005101,4751.23529200023,124.24287799512967,past_due,
244,22.54045005358511,4635.940520167893,4644.359379000962,4768.840646005701,124.4812670047395,past_due,
245,59.41809453777934,4653.303593277136,4661.725930996239,4785.98387299577,124.25794199953089,past_due,
246,58.48618905401986,4670.666666386379,4679.092193000019,4803.4325760012725,124.34038300125394,past_due,
247,59.5595601635046,4688.029739495622,4696.459826000035,4824.800877000496,128.34105100046142,past_due,
248,58.57703675516189,4705.392812604865,4713.827254995704,4838.4634069981985,124.63615200249478,past_due,
249,59.91137021352343,4722.755885714108,4731.19279500097,4855.442397996376,124.24960299540544,past_due,
250,57.52867872879506,4740.118958823351,4748.559791997075,4872.833117000817,124.27332500374176,past_due,
251,61.75225391029287,4757.4820319325945,4765.926026001573,4893.038685001549,127.1126589999767,past_due,
252,60.18128101123614,4774.845105041837,4783.29228399694,4907.544522002223,124.25223800528327,past_due,
253,21.479475915511014,4788.487519627671,4796.937935002148,4921.191467007389,124.25353200524114,past_due,
254,60.11636901734117,4802.129934213504,4810.583690002561,4934.898310002056,124.31461999949532,past_due,
255,22.3783670855159,4815.772348799339,4824.228337004781,4948.314572007104,124.08623500232352,past_due,
256,54.6061838244555,4829.414763385173,4837.873185001314,4961.8451539996895,123.9719689983758,past_due,
257,59.11375724262527,4843.057177971006,4851.519467003644,4975.739247005667,124.21978000202216,past_due,
258,58.30629089976214,4856.69959255684,4865.165414996445,4989.661655994714,124.49624099826906,past_due,
259,58.33547917303972,4870.3420071426735,4878.809865996242,5002.915246000281,124.10538000403903,past_due,
260,22.69994468583293,4883.984421728508,4892.454997994006,5016.726503993792,124.27150599978631,past_due,
261,59.46863542182564,4897.626836314342,4906.100190997124,5032.365350994398,126.26515999727415,past_due,
262,22.324238932062396,4911.269250900175,4919.746365003288,5044.107621002535,124.36125599924708,past_due,
263,58.32734907080535,4924.911665486009,4933.392385996878,5057.712367998785,124.3199820019072,past_due,
264,58.07386435327862,4938.554080071844,4947.036943003535,5071.111900002346,124.0749569988111,past_due,
265,59.49360854894266,4952.196494657677,4960.681549996138,5089.844674994878,129.16312499874041,past_due,
266,59.26070397020725,4965.838909243511,4974.326117999852,5098.452106993762,124.12598899391014,past_due,
267,23.07070680978441,4984.938289663678,4993.42921500653,5117.831814001023,124.40259899449302,past_due,
268,21.99812992410257,5004.037670083846,5012.533197999001,5136.889605001779,124.35640700277872,past_due,
269,22.982211530269424,5023.137050504013,5031.635424003005,5155.790753004956,124.15532900195105,past_due,
270,22.926511273755843,5042.23643092418,5050.738587997854,5175.077488995681,124.3389009978273,past_due,
271,23.095031703181174,5061.335811344348,5069.841292999685,5197.983066995279,128.14177399559412,past_due,
272,23.172252633425487,5080.435191764515,5146.2528790012,5213.992471000471,67.73959199927049,done,
273,22.95260221854593,5099.5345721846825,5127.149010002613,5214.20412800042,87.05511799780652,done,
274,23.208792646108986,5118.63395260485,5088.943537995219,5214.338580998883,125.39504300366389,past_due_client,None
275,22.84423033550885,5137.733333025018,5108.046521998942,5214.518988001684,106.4724660027423,done,
276,61.55708611119373,5156.832713445185,5165.355396002531,5293.596963001881,128.24156699934974,past_due,
277,55.923419389609776,5172.748863795324,5181.274419002235,5309.40681600559,128.13239700335544,past_due,
278,58.170673255756064,5188.665014145464,5197.193980000913,5309.663125003164,112.46914500225104,done,
279,21.693089856729788,5204.581164495603,5213.113144993782,5341.238926987513,128.12578199373093,past_due,
280,55.29159322735146,5220.497314845742,5229.032450005412,5357.294117005018,128.26166699960598,past_due,
281,23.646330893960936,5236.413465195882,5244.952443003655,5369.240584003507,124.28814099985176,past_due,
282,58.862501760951055,5252.329615546021,5260.872055999935,5385.264289999905,124.3922339999699,past_due,
283,22.45908797770168,5268.24576589616,5276.795377999544,5401.159435002366,124.36405700282194,past_due,
284,22.673194688824903,5284.1619162463,5292.714588999748,5416.954563000123,124.2399740003748,past_due,
285,57.54992879716762,5300.078066596439,5308.636721998453,5433.750456995738,125.11373499728506,past_due,
286,54.14535469540667,5315.9942169465785,5324.556414999068,5452.808946997509,128.25253199844155,past_due,
287,57.1661229598889,5331.910367296719,5340.475772000849,5464.706529000017,124.23075699916808,past_due,
288,23.624354857505427,5347.826517646858,5356.395464003086,5480.724810999178,124.32934699609176,past_due,
289,22.601738905948142,5366.925898067025,5375.49876999855,5499.8212149994215,124.32244500087108,past_due,
290,22.82689666894927,5386.025278487193,5394.602206997573,5518.997258997755,124.39505200018176,past_due,
291,22.43715832825611,5405.12465890736,5413.703813999891,5537.86893700104,124.16512300114846,past_due,
292,23.41849676662342,5424.224039327527,5432.807469002903,5557.074558001653,124.2670889987494,past_due,
293,22.74108917259588,5443.323419747694,5451.91100499779,5576.183802996646,124.27279799885582,past_due,
294,22.35029254490449,5462.422800167862,5471.014313004911,5595.284746004676,124.27043299976503,past_due,
295,21.878992891307675,5481.522180588029,5490.116083994508,5614.365458997781,124.2493750032736,past_due,
296,56.67317343311351,5500.621561008196,5509.220083996654,5633.608752995671,124.38866899901768,past_due,
297,22.347314939156192,5519.720941428364,5528.322873994708,5654.434056997357,126.11118300264934,past_due,
298,22.86920821699712,5538.820321848531,5547.425434999168,5675.663499003276,128.23806400410834,past_due,
299,22.68932343304992,5560.0418556487175,5568.65055000037,5696.9219170010765,128.27136700070696,past_due,
300,22.44003878055969,5581.263389448904,5589.876012995839,5718.114880993264,128.23886799742468,past_due,
301,58.367640749425625,5602.48492324909,5611.10114300251,5739.345731008565,128.24458800605498,past_due,
302,57.760340736819664,5623.706457049276,5632.326233997941,5756.642849996337,124.31661599839572,past_due,
303,55.4606564843268,5644.927990849461,5653.551569998264,5777.940197000455,124.38862700219032,past_due,
304,58.78242823335193,5666.149524649647,5674.776099003851,5799.110074003751,124.33397499989952,past_due,
305,22.702432830610245,5687.371058449833,5696.001685000956,5820.353655997897,124.35197099694052,past_due,
306,23.25869023390294,5708.592592250019,5717.226833000779,5841.496133999783,124.26930099900346,past_due,
307,22.7384967610691,5729.814126050205,5738.452491000295,5862.79061299772,124.33812199742532,past_due,
308,23.32654477818236,5753.688351575414,5762.330214999616,5886.707131995587,124.37691699597052,past_due,
309,62.03888072392608,5777.562577100624,5786.207952000201,5910.54829800321,124.34034600300949,past_due,
310,20.500190831408734,5801.436802625833,5810.0853009969,5934.4003829906,124.3150819937,past_due,
311,54.987786623140885,5825.311028151042,5833.963305003941,5958.528303008585,124.56499800464373,past_due,
312,56.21146157353633,5849.185253676251,5857.841641999781,5984.986356999085,127.14471499930367,past_due,
313,22.35836399021261,5873.05947920146,5881.720055997372,6006.2767409948865,124.55668499751482,past_due,
314,22.245376937909946,5896.933704726669,5905.599329002202,6030.155724001874,124.5563949996722,past_due,
315,57.43312472015527,5920.807930251878,5929.478226996958,6054.005452995421,124.52722599846312,past_due,
316,59.8109517019822,5948.092759423545,5956.767100997269,6081.217959999805,124.45085900253616,past_due,
317,21.828433506881883,5975.377588595214,5984.0564220026135,6108.557082002808,124.50066000019432,past_due,
318,55.65440092442516,6002.662417766881,6011.345912002027,6135.814799001266,124.46888699923876,past_due,
319,22.8579127838901,6029.947246938549,6038.634998999536,6163.766636003042,125.1316370035056,past_due,
320,55.94351925463364,6057.232076110216,6065.924995996058,6190.345794998168,124.42079900210956,past_due,
321,21.729699825086374,6084.516905281885,6093.212591998279,6217.497037997644,124.28444599936483,past_due,
322,22.861327540176543,6111.801734453552,6120.5015290007,6248.798647005112,128.29711800441146,past_due,
323,59.63667457815372,6133.023268253738,6141.725985996425,6269.966316992475,128.24033099605003,past_due,
324,23.427510766423044,6154.244802053924,6162.951100997627,6291.19719100144,128.24609000381318,past_due,
325,22.431777832774294,6175.46633585411,6184.1762840002775,6312.368243004021,128.19195900374322,past_due,
326,56.71204543021941,6196.687869654296,6205.401592999697,6329.819866000325,124.41827300062867,past_due,
327,53.721940986891376,6217.909403454481,6226.62720400095,6351.3345830009785,124.7073790000286,past_due,
328,58.211342333074604,6239.130937254668,6247.852896004915,6372.187899999844,124.33500399492914,past_due,
329,61.70609882874876,6260.352471054854,6269.07880000025,6394.691357996897,125.6125579966465,past_due,
330,22.74387153766596,6281.57400485504,6290.304310001433,6414.700974004576,124.39666400314309,past_due,
331,22.589719071968617,6302.795538655226,6311.529130995274,6435.805283996393,124.27615300111938,past_due,
332,54.71258196008976,6330.080367826893,6338.818108998239,6463.057558998698,124.23945000045931,past_due,
333,23.2294777754088,6357.365196998561,6366.109093002975,6490.844503997592,124.73541099461728,past_due,
334,22.2680502602571,6384.650026170229,6393.406521998346,6518.985843995411,125.57932199706556,past_due,
335,56.44080937631367,6411.934855341896,6420.694516994059,6545.0047929922,124.31027599814117,past_due,
336,23.18683471293758,6439.219684513563,6447.984645999968,6572.498790001264,124.5141440012958,past_due,
337,58.47703819558853,6466.504513685231,6475.2719219997525,6599.5913469980005,124.319424998248,past_due,
338,23.769929426233684,6493.789342856899,6502.561595000327,6630.777624996437,128.21602999611062,past_due_client,None
339,60.27186826759176,6509.705493207038,6518.480340003967,6646.448846003856,127.9685059998883,past_due,
340,22.59195844832092,6525.621643557178,6534.39972499758,6662.612428993394,128.21270399581408,past_due,
341,60.1002977427692,6541.537793907317,6550.318346999586,6678.300817999581,127.98247099999573,past_due,
342,22.17249641473195,6557.453944257457,6566.238230004907,6694.438255004294,128.2000249993871,past_due,
343,59.27263880507705,6573.370094607596,6582.157230995596,6706.263578993036,124.10634799744004,past_due,
344,60.91444289308415,6589.286244957735,6598.0761220008135,6722.328541999625,124.25241999881108,past_due,
345,56.3427331706175,6605.202395307875,6613.994279995561,6738.24289600004,124.24861600447912,past_due,
346,57.45463980565577,6621.118545658014,6629.91723100096,6758.103772996052,128.18654199509186,past_due,
347,24.44263234233704,6637.034696008154,6645.835634998977,6769.9584739980055,124.12283899902832,past_due,
348,23.19804681318027,6652.950846358293,6661.755049996078,6785.98563299072,124.23058299464174,past_due,
349,58.35645941601867,6668.866996708433,6677.673893004656,6801.747568998369,124.07367599371356,past_due,
350,22.0734039200938,6684.7831470585725,6693.592904001474,6821.98611800099,128.39321399951586,past_due,
351,55.99811560762888,6706.004680858759,6714.818042002618,6843.087676001189,128.2696339985705,past_due,
352,23.05165584427653,6727.226214658945,6736.042959995568,6864.1900369928335,128.14707699726569,past_due,
353,58.88242431610061,6748.447748459131,6757.2673099935055,6885.415326993563,128.1480170000577,past_due,
354,22.137242370573464,6769.669282259317,6778.492747999728,6906.654449999216,128.1617019994883,past_due,
355,57.73720199225487,6790.890816059502,6799.717231996357,6927.874229994661,128.1569979983033,past_due,
356,55.321035788494754,6812.112349859688,6820.942417003214,6949.023954007833,128.08153700461844,past_due,
357,55.84950308589379,6833.333883659874,6842.167516000569,6970.3058040048345,128.13828800426566,past_due,
358,22.05550344139493,6854.55541746006,6863.392012998462,6991.53775299486,128.1457399963983,past_due,
359,22.447679745018068,6875.776951260246,6884.616370998323,7012.765094995906,128.14872399758318,past_due,
360,56.57752640248594,6896.998485060432,6905.840934000909,7034.001458001032,128.16052400012268,past_due,
361,23.135406316829314,6918.220018860618,6927.0655879974365,7055.223819001345,128.15823100390844,past_due,
362,56.01875375122898,6939.441552660804,6948.290235996246,7076.438227996114,128.14799199986734,past_due,
363,22.369321556407293,6960.66308646099,6969.514612004161,7093.849316004082,124.33470399992076,past_due,
364,56.99420731588184,6981.884620261176,6990.7396119982,7115.274563994084,124.5349519958836,past_due,
365,57.26335254211016,7003.106154061362,7011.964164994657,7136.396272995858,124.4321080012014,past_due,
366,22.20263991366396,7024.327687861547,7033.1891849935055,7157.580186999228,124.39100200572284,past_due,
367,23.01917408222147,7045.549221661733,7054.414452001452,7178.849957001745,124.43550500029232,past_due,
368,57.3767956674734,7066.770755461919,7075.639508001506,7199.900056001672,124.26054800016573,past_due,
369,57.77077887903814,7090.644980987128,7099.516535997391,7223.85038399545,124.33384799805935,past_due,
370,63.91257061839511,7114.519206512337,7123.393644995987,7247.716027998424,124.32238300243624,past_due,
371,23.26444791545209,7138.3934320375465,7147.271302998066,7271.507421999646,124.23611900157994,past_due,
372,59.72793370083766,7162.267657562756,7171.149544999003,7295.467614995665,124.3180699966615,past_due,
373,58.67833318671371,7186.141883087966,7195.026836000383,7319.67381699977,124.64698099938688,past_due,
374,56.589576372043865,7210.016108613175,7218.905475996435,7343.231216998829,124.32574100239437,past_due,
375,22.799170682852036,7233.890334138384,7242.7841290012,7367.137788005755,124.35365900455508,past_due,
376,22.179420785164663,7257.764559663593,7266.66253400594,7391.026167002332,124.36363299639196,past_due,
377,23.25275442875981,7281.638785188802,7290.542157001793,7414.978127001261,124.43596999946747,past_due,
378,57.36584019751652,7305.513010714011,7314.420373998582,7438.776848995185,124.35647499660264,past_due,
379,22.033268713523277,7329.38723623922,7338.298983998597,7464.953834994289,126.65485099569196,past_due,
380,57.07802755539033,7353.26146176443,7362.176784999669,7486.544075001497,124.36729000182822,past_due,
381,59.48085964732833,7377.135687289639,7386.056760005653,7510.7610450065695,124.70428500091656,past_due,
382,57.616690689410106,7401.009912814849,7409.935977995396,7537.066767997807,127.13079000241125,past_due,
383,22.164889268857934,7424.884138340058,7433.814644001424,7558.102414000197,124.287769998773,past_due,
384,58.43720170023066,7448.758363865267,7457.692809000611,7583.208877001773,125.51606800116132,past_due,
385,23.04374639311613,7455.3443571136,7464.285664997995,7589.851940002525,125.56627500453033,past_due,
386,57.517551102307024,7461.930350361934,7470.8735229969025,7596.492409992556,125.61888699565316,past_due,
387,23.33396702416336,7468.5163436102675,7477.461095996201,7603.071304993588,125.61020899738652,past_due,
388,22.46413137190076,7475.102336858601,7484.048656001687,7609.658147997106,125.60949199541938,past_due,
389,58.34616176686054,7481.688330106935,7490.636326998472,7616.247523001337,125.61119600286474,past_due,
390,22.618893260588177,7488.274323355268,7497.224424004555,7622.853515006893,125.6290910023381,past_due,
391,22.63903341279912,7494.860316603602,7503.812339000404,7629.407183001575,125.59484400117071,past_due,
392,22.36702621076284,7501.446309851935,7510.400141999125,7635.997440995706,125.59729899658124,past_due,
393,23.13954806210451,7508.032303100269,7516.988113999367,7642.586894999375,125.59878100000788,past_due,
394,58.45712202556792,7514.618296348603,7523.576016999781,7649.171147004294,125.5951300045126,past_due,
395,22.500145841542547,7521.204289596936,7530.1637389957905,7654.448954995198,124.28521599940724,past_due,
396,22.49238874439992,7527.79028284527,7536.751385003328,7668.160249002569,131.40886399924057,past_due,
397,21.97088030530821,7534.376276093603,7543.339271999896,7668.533025999961,125.19375400006538,past_due,
398,22.89410701788044,7540.962269341937,7549.927060000598,7674.329178003361,124.40211800276302,past_due,
399,58.61490525633919,7547.54826259027,7556.515042997897,7684.105599997973,127.59055700007592,past_due,
400,57.887053843295696,7554.134255838603,7563.102905996144,7687.110807995137,124.00790199899347,past_due,
401,22.76723289734468,7560.720249086937,7569.690646998584,7694.184668997128,124.49402199854376,past_due,
402,59.94240641199176,7567.30624233527,7576.278484001756,7701.732342005067,125.45385800331132,past_due,
403,21.771459407726795,7573.892235583604,7582.866361998022,7707.287576995732,124.4212149977102,past_due,
404,22.255754989715875,7580.4782288319375,7589.453993998468,7713.499388999771,124.0453950013034,past_due,
405,59.69997894824677,7587.064222080271,7596.041629999876,7720.144682999875,124.10305299999892,past_due,
406,60.14990978110774,7593.650215328605,7602.629149004817,7726.625093003851,123.99594399903437,past_due,
407,21.603407399319405,7600.236208576938,7609.216718003154,7736.204017004638,126.98729900148464,past_due,
408,59.64834652729222,7606.822201825272,7615.804546996951,7739.835725999437,124.03117900248616,past_due,
409,60.166019508277486,7613.408195073605,7622.394649006426,7746.427324004006,124.0326749975793,past_due,
410,22.796025582982253,7619.994188321939,7628.982118993998,7753.945818994078,124.96370000008028,past_due,
411,22.548170020787925,7626.580181570272,7635.569718003273,7759.523034000187,123.95331599691416,past_due,
412,57.21001566059,7633.166174818606,7642.157582998276,7766.1606680004625,124.00308500218672,past_due,
413,22.318416101515112,7639.75216806694,7648.74512899667,7772.825355993409,124.08022699673892,past_due,
414,22.793115001930893,7657.115241176183,7666.136515006423,7791.362322000845,125.22580699442187,past_due,
415,57.71630179453766,7674.478314285426,7683.501680001616,7807.556084995856,124.05440499424004,past_due,
416,53.11451149718033,7691.841387394669,7700.867989003658,7825.111875009956,124.24388600629754,past_due,
417,56.48014643196823,7709.204460503912,7718.234420999885,7842.579541006067,124.3451200061827,past_due,
418,60.06931557571242,7726.567533613155,7735.600051000714,7859.774674998247,124.17462399753276,past_due,
419,60.99960207530145,7743.930606722398,7752.966670997441,7878.793614990602,125.82694399316097,past_due,
420,22.58466049775384,7761.293679831641,7770.332524999976,7897.930467002443,127.59794200246688,past_due,
421,23.30456657183473,7778.656752940884,7787.699047997594,7916.913755002897,129.21470700530335,past_due,
422,22.52236399230945,7796.019826050127,7805.064181998372,7929.220622999477,124.15644100110512,past_due,
423,22.45593098244616,7813.38289915937,7822.430912002921,7946.662015999784,124.23110399686266,past_due,
424,56.72839217650524,7830.745972268613,7839.796532995999,7963.938133990334,124.14160099433502,past_due,
425,23.34128975131004,7849.845352688781,7858.898883000016,7983.089040999708,124.19015799969202,past_due,
426,22.277347855009992,7868.944733108949,7878.000972002745,8002.38866699842,124.3876949956757,past_due,
427,60.51396485345354,7888.044113529116,7897.103919997811,8021.336578997783,124.23265899997205,past_due,
428,22.98983111743485,7907.143493949283,7916.205987997353,8040.3582939989865,124.1523060016334,past_due,
429,56.931441487691,7926.242874369451,7935.309304997325,8059.6568420038675,124.34753700654257,past_due,
430,54.50674904121318,7945.342254789618,7954.412556000054,8079.509487005882,125.09693100582808,past_due,
431,55.9787734876422,7964.441635209785,7973.515151001513,8097.959397002589,124.44424600107595,past_due,
432,22.97514980794668,7983.541015629952,7992.617890000343,8116.954550003225,124.33666000288213,past_due,
433,60.86433206168336,8002.64039605012,8011.720161996782,8136.04371499503,124.32355299824847,past_due,
434,57.84869970853497,8021.739776470287,8030.827796004713,8155.153999008588,124.32620300387498,past_due,
435,56.37027862375045,8045.614001995496,8054.705813996494,8178.964205999451,124.2583920029574,past_due,
436,62.682203253734194,8069.488227520706,8078.583792999387,8202.854850996635,124.27105799724814,past_due,
437,22.82115597237548,8093.362453045915,8102.462120003998,8226.683956002467,124.22183599846905,past_due,
438,22.23799576552677,8117.236678571124,8126.340197004378,8250.720408000983,124.38021099660546,past_due,
439,22.65931179052213,8141.110904096333,8150.217774003744,8274.573240006925,124.35546600318048,past_due,
440,22.113426650316228,8164.985129621542,8174.095551997423,8298.874521996593,124.77896999916992,past_due,
441,58.56666571152608,8188.859355146751,8197.973775997758,8324.405925996194,126.43214999843622,past_due,
442,56.698073711470784,8212.73358067196,8221.852712996304,8350.090620996605,128.2379080003011,past_due,
443,57.95512612251492,8225.466500952072,8234.588085003197,8362.515204002848,127.9271189996507,past_due,
444,62.965854048716224,8238.199421232182,8247.323696002364,8375.220810007828,127.89711400546366,past_due,
445,56.91804647831545,8250.932341512294,8260.059890002012,8388.011219998007,127.95132999599446,past_due,
446,22.15190271088296,8263.665261792406,8272.795643001795,8400.833477003383,128.03783400158864,past_due,
447,23.0099178280041,8276.398182072518,8285.53187699616,8413.825516001438,128.29363900527824,past_due,
448,22.29275469595843,8289.131102352629,8298.267044998705,8422.237771998392,123.97072699968705,past_due,
449,22.81548489248032,8301.86402263274,8311.002072997391,8435.14108199731,124.1390089999186,past_due,
450,23.027008465890415,8314.596942912853,8323.73777999729,8448.549577996717,124.81179799942764,past_due,
451,22.434454918626813,8327.329863192965,8336.473205000162,8460.655535000784,124.18233000062172,past_due,
452,23.31914539707185,8340.062783473075,8349.20921099931,8473.50462699635,124.29541599703953,past_due,
453,59.85301369685841,8352.795703753187,8361.944090999663,8486.098977994465,124.15488699480191,past_due,
454,22.252302917350427,8365.528624033299,8374.679146006703,8500.656428004324,125.9772819976206,past_due,
455,22.587184459404344,8378.261544313411,8387.414480000734,8511.436324000533,124.02184399979888,past_due,
456,59.08885260948493,8390.994464593521,8400.150512002409,8524.445533002261,124.29502099985255,past_due,
457,59.04504347786988,8403.727384873633,8412.887848995626,8537.170486992283,124.28263799665729,past_due,
458,56.80677599366506,8421.090457982877,8430.253311999142,8554.472948999493,124.2196370003512,past_due,
459,21.928592084799256,8438.45353109212,8447.619946993887,8571.970828998252,124.3508820043644,past_due,
460,59.95860404169834,8455.816604201362,8464.986784003675,8589.35584100819,124.36905700451462,past_due,
461,22.83268459233172,8473.179677310605,8482.353190995753,8606.55254299735,124.19935200159672,past_due,
462,58.22173543360994,8490.542750419849,8499.719932995737,8624.12668099592,124.40674800018314,past_due,
463,22.76454958051019,8507.905823529092,8517.085533998907,8641.351908003853,124.26637400494656,past_due,
464,66.53390234301143,8525.268896638336,8534.4517839998,8658.727561998065,124.27577799826396,past_due,
465,23.012739001318437,8542.63196974758,8551.818305000663,8676.205943003763,124.38763800309972,past_due,
466,58.23168224316032,8559.99504285682,8569.183235995471,8693.251855991723,124.06861999625107,past_due,
467,60.04886980401419,8577.358115966064,8586.5509160012,8710.99142700585,124.44051100465003,past_due,
468,21.988354552800445,8594.721189075308,8603.917222999036,8728.233933002804,124.3167100037681,past_due,
469,57.14571793922037,8612.084262184551,8621.283910997212,8745.542726002517,124.25881500530522,past_due,
470,21.94012750419174,8629.447335293793,8638.65098399669,8763.089698996686,124.4387149999966,past_due,
471,57.23108637010048,8646.810408403036,8656.01635299623,8780.115367999824,124.0990150035941,past_due,
472,22.87849450458471,8664.17348151228,8673.387694001198,8797.811997002631,124.42430300143316,past_due,
473,21.510974994622728,8681.536554621523,8690.753108002245,8817.016950003454,126.2638420012081,past_due,
474,60.65169226289437,8698.899627730765,8708.119776003063,8832.492257000471,124.37248099740827,past_due,
475,23.033291529192148,8716.262700840009,8725.485578998923,8849.726708996168,124.24112999724456,past_due,
476,59.36629385180687,8733.625773949252,8742.852131001651,8867.104731000378,124.25259999872652,past_due,
477,59.89710925027025,8750.988847058496,8760.218317002058,8884.494157006033,124.27584000397474,past_due,
478,22.19345180817893,8768.351920167737,8777.583494998515,8901.943978996831,124.36048399831634,past_due,
479,23.240213581048103,8785.71499327698,8794.950574994087,8923.23815899837,128.28758400428342,past_due,
480,22.474410778743053,8806.936527077167,8816.175589002669,8944.391748998314,128.21615999564528,past_due,
481,22.72819227969722,8828.158060877353,8837.400143995881,8965.676788990793,128.2766449949122,past_due,
482,22.76167261661592,8849.379594677539,8858.625224001706,8986.871714001289,128.24648999958302,past_due,
483,55.345648910224746,8870.601128477725,8879.865501999855,9008.03210100258,128.16659900272498,past_due,
484,57.975536198284,8891.82266227791,8901.09041300416,9029.364528999897,128.27411599573682,past_due,
485,23.130832022232664,8913.044196078095,8922.315327003598,9050.507004005776,128.19167700217804,past_due,
486,22.129040646412317,8934.265729878281,8943.54002700001,9071.683526001463,128.14349900145316,past_due,
487,22.398670265999996,8955.487263678468,8964.764536000788,9093.015696001006,128.25116000021808,past_due,
488,58.634277713491976,8976.708797478654,8985.989903002977,9114.08487400104,128.09497099806322,past_due,
489,23.067175776457518,8997.93033127884,9007.215415000916,9135.368226995284,128.15281199436868,past_due,
490,22.99258215185065,9019.151865079026,9028.440504997969,9156.62302399968,128.18251900171165,past_due,
491,56.1784228647823,9040.373398879212,9049.664850004016,9177.866397002768,128.20154699875278,past_due,
492,57.98633290450175,9061.594932679398,9070.889403000474,9195.02534899686,124.135945996386,past_due,
493,22.83003088437518,9082.816466479584,9092.115017995238,9216.44007499941,124.32505700417096,past_due,
494,22.46164792493048,9104.03800027977,9113.339147001505,9241.50210200093,128.16295499942498,past_due,
495,59.01209935805542,9125.259534079956,9134.564253002403,9258.817648998169,124.25339599576546,past_due,
496,57.96567449361422,9146.481067880142,9155.788990996778,9280.017475998146,124.22848500136752,past_due,
497,56.45566255867981,9167.702601680328,9177.013852998614,9305.163514001295,128.14966100268066,past_due,
498,60.94158185524464,9183.618752030468,9192.932037003338,9320.861855004914,127.92981800157575,past_due,
499,58.7504335349623,9199.534902380608,9208.852229006588,9337.015942008002,128.1637130014133,past_due,
500,22.38406475520645,9215.451052730748,9224.770693004131,9352.722637003637,127.9519439995056,past_due,
501,57.44349863184416,9231.367203080888,9240.690484002233,9368.842438001127,128.1519539988949,past_due,
502,55.39404187775254,9247.283353431025,9256.608826003969,9380.774928007042,124.16610200307332,past_due,
503,22.70712555057492,9263.199503781165,9272.528045997024,9396.812638999836,124.28459300281249,past_due,
504,22.51230191534278,9279.115654131305,9288.446576997638,9412.658203998115,124.21162700047716,past_due,
505,22.59694882956857,9295.031804481445,9304.365602999926,9432.568662997684,128.20305999775886,past_due,
506,58.62371454498622,9310.947954831585,9320.28393600136,9444.4648889979,124.18095299653942,past_due,
507,21.92336951581857,9326.864105181725,9336.20328399539,9460.573272999143,124.36998900375328,past_due,
508,22.73049800570513,9342.78025553186,9352.121651999652,9476.343835999898,124.22218400024576,past_due,
509,58.46771857864908,9358.696405882,9368.041001997888,9496.246967998566,128.20596600067802,past_due,
510,22.62911447826364,9379.917939682187,9389.26615100354,9517.421636002837,128.15548499929722,past_due,
511,23.499430270614845,9401.139473482372,9410.49208600074,9538.652460996527,128.1603749957867,past_due,
512,23.19154535951878,9422.36100728256,9431.717661999166,9559.861142003094,128.14348000392783,past_due,
513,23.07486474382189,9443.582541082746,9452.942687004805,9578.995224006474,126.0525370016694,past_due,
514,59.9871301519894,9464.80407488293,9474.168912000954,9598.400199999509,124.23128799855476,past_due,
515,56.52539897870333,9486.025608683116,9495.39430899918,9619.635634996172,124.24132599699078,past_due,
516,22.537655025610427,9507.247142483302,9516.61952599883,9640.935965999088,124.316440000257,past_due,
517,62.11614365063844,9528.468676283488,9537.844340004029,9662.231460002602,124.38711999857333,past_due,
518,22.709471677160536,9549.690210083674,9559.069054998456,9683.373484000678,124.3044290022226,past_due,
519,22.550355209431537,9568.789590503842,9578.172117002308,9702.44649600127,124.27437899896177,past_due,
520,22.71492442289552,9587.888970924008,9597.273805998266,9721.461813996139,124.18800799787276,past_due,
521,22.94633350923312,9606.988351344176,9616.37692900002,9740.75136600039,124.37443700036964,past_due,
522,23.46148613743164,9626.087731764344,9635.480487003922,9759.848285005835,124.36779800191287,past_due,
523,21.79262955299809,9645.18711218451,9654.583704002202,9780.03418000217,125.45047599996906,past_due,
524,22.386432646664225,9664.28649260468,9673.685957998036,9797.937886003869,124.25192800583318,past_due,
525,59.15823774024333,9683.385873024848,9692.789585001769,9817.180723002415,124.3911380006466,past_due,
526,58.760308691463415,9702.485253445016,9711.89267000556,9839.294077005994,127.40140700043412,past_due,
527,61.284081014699176,9721.58463386518,9730.996201999484,9855.360723994205,124.36452199472114,past_due,
528,52.31936992114409,9740.684014285349,9750.098524995148,9874.440203989972,124.34167899482418,past_due,
529,55.58534719286486,9755.375845377785,9764.793724998832,9889.03365199652,124.2399269976886,past_due,
530,57.82668959908283,9770.067676470222,9779.48795299977,9903.492813000921,124.00486000115052,past_due,
531,58.08647298371874,9784.759507562658,9794.183005996048,9918.517420994933,124.33441499888431,past_due,
532,58.65608117798472,9799.451338655095,9808.877234004438,9933.076184998907,124.19895099446876,past_due,
533,21.76438185264596,9814.143169747533,9823.572124004364,9947.796352003003,124.22422799863853,past_due,
534,22.77547471840887,9828.835000839968,9838.273521997036,9965.90489299386,127.63137099682352,past_due,
535,59.24845984082796,9843.526831932404,9852.970942996442,9977.088188995956,124.11724599951413,past_due,
536,56.46816874168018,9858.21866302484,9867.665733002126,9991.99825099879,124.33251799666324,past_due,
537,55.53769318041189,9872.910494117275,9882.360788993536,10006.870889992568,124.51010099903216,past_due,
538,61.922798703295214,9887.602325209711,9897.054824002087,10021.334971001896,124.2801469998085,past_due,
539,22.88463079179413,9902.294156302149,9911.74924299866,10037.814050000627,126.06480700196698,past_due,
540,22.55531716324048,9916.985987394586,9926.444416999817,10050.721848001063,124.27743100124644,past_due,
541,55.416882067004245,9931.677818487022,9941.138666003942,10065.30700200249,124.16833599854726,past_due,
542,23.11348366019792,9955.55204401223,9965.016147002578,10089.382303999562,124.3661569969845,past_due,
543,22.29529980395133,9979.42626953744,9988.89400999993,10113.37780000118,124.48379000124989,past_due,
544,21.78189581561569,10003.30049506265,10012.771675005555,10137.210621002654,124.43894599709893,past_due,
545,60.62583373312657,10027.174720587858,10036.650398999453,10161.128028003557,124.47762900410451,past_due,
546,22.49767620400562,10051.048946113067,10060.527525998652,10184.871226996649,124.34370099799708,past_due,
547,55.83533451820551,10074.923171638276,10084.405482001604,10209.391522007356,124.98604000575142,past_due,
548,23.36767434476422,10098.797397163486,10108.283605001869,10232.679833000528,124.396227998659,past_due,
549,22.241751012112083,10122.671622688697,10132.16128399968,10256.54452500335,124.38324100367026,past_due,
550,53.90951849464207,10141.771003108865,10151.264489002526,10275.59922300122,124.334733998694,past_due,
551,56.427479613540015,10160.870383529027,10170.367470994592,10294.729791990307,124.36232099571498,past_due,
552,22.68120727071935,10179.969763949195,10189.470256000755,10313.853013997255,124.3827579965,past_due,
553,61.3206457198155,10199.069144369363,10208.573498003185,10332.71551700856,124.14201900537591,past_due,
554,55.792329286873326,10218.168524789531,10227.677033998072,10352.158001997333,124.48096799926134,past_due,
555,56.16039498502875,10237.2679052097,10246.780450999737,10371.185308000364,124.40485700062708,past_due,
556,58.25882461816351,10256.367285629867,10265.883878998458,10390.395159997744,124.5112809992861,past_due,
557,22.72289466641283,10275.466666050035,10285.000143997371,10409.35690400051,124.35676000313832,past_due,
558,22.28658634336585,10294.5660464702,10304.10203500092,10428.439379998832,124.33734499791171,past_due,
559,61.8044310954448,10313.66542689037,10323.205159001052,10447.608462999458,124.40330399840605,past_due,
560,55.37056003663351,10340.950256062037,10350.494774997234,10475.0798189927,124.58504399546656,past_due,
561,61.12481527919937,10368.235085233704,10377.783106006682,10502.318308011745,124.53520200506318,past_due,
562,57.62791374334305,10395.519914405371,10405.072256997228,10534.065363995905,128.99310699867786,past_due,
563,22.542868832013465,10422.80474357704,10432.361827999352,10556.770677994586,124.40884999523404,past_due,
564,22.39357397327484,10450.089572748708,10459.651624001564,10584.117538000866,124.46591399930185,past_due,
565,56.61631959893793,10477.374401920377,10486.939626000822,10611.266422002518,124.3267960016965,past_due,
566,22.18297369576877,10504.659231092042,10514.228103995323,10638.743916999432,124.51581300410908,past_due,
567,54.74473537775776,10523.75861151221,10533.331310994923,10657.511618999648,124.1803080047248,past_due,
568,59.67464775473805,10542.857991932377,10552.43370899558,10676.668111998937,124.23440300335642,past_due,
569,55.74642259405676,10561.957372352545,10571.53729300201,10695.926668001746,124.3893749997369,past_due,
570,57.35530777680316,10581.05675277271,10590.63981000334,10714.940388001269,124.30057799792849,past_due,
571,57.27333690265993,10600.15613319288,10609.74269799888,10734.246695000618,124.50399700173875,past_due,
572,22.68380849309576,10619.255513613049,10628.845292001964,10754.207178997925,125.36188699596096,past_due,
573,55.48973216974418,10638.354894033211,10647.948757998643,10777.67191100295,129.72315300430634,past_due,
574,23.23505496897212,10657.45427445338,10667.052250005305,10791.459722006926,124.4074720016215,past_due,
575,55.7697258324332,10676.553654873547,10686.154478996992,10810.433643000375,124.2791640033829,past_due,
576,57.68841236998937,10695.653035293715,10705.256750002503,10829.635983001266,124.37923299876276,past_due,
577,21.85793477055789,10719.527260818924,10729.135187000036,10853.772239998914,124.63705299887806,past_due,
578,61.43516204837966,10743.401486344132,10753.013245999811,10877.42898700357,124.41574100375874,past_due,
579,59.20378409709005,10767.275711869344,10776.891003005208,10901.287758998284,124.3967559930752,past_due,
580,57.17697765573916,10791.149937394552,10800.76889999956,10925.046344002943,124.2774440033827,past_due,
581,62.185893298155406,10815.024162919764,10824.647643998263,10949.305178002918,124.65753400465474,past_due,
582,57.00736916918108,10838.898388444972,10848.526880003512,10973.07679300534,124.54991300182884,past_due,
583,22.33529682326722,10862.77261397018,10872.404541999102,11001.4095029952,129.00496099609882,past_due,
584,59.37978093950975,10886.64683949539,10896.286033004522,11020.63921700546,124.3531840009382,past_due,
585,54.45304978462787,10904.009912604632,10913.652476996183,11038.096924992395,124.44444799621124,past_due,
586,21.95257185877814,10921.372985713875,10931.017733998597,11055.15630299953,124.13856900093378,past_due,
587,57.24252522426188,10938.73605882312,10948.38475499302,11072.541709996874,124.15695500385482,past_due,
588,22.96180357932529,10956.099131932362,10965.750924997032,11090.150558995141,124.3996339981095,past_due,
589,58.585907623304,10973.462205041606,10983.116926006973,11107.41918801074,124.30226200376636,past_due,
590,58.52152961362417,10990.825278150847,11000.483601003883,11126.093151003237,125.60954999935348,past_due,
591,58.59530175062554,11008.18835126009,11017.849065996706,11145.65754999814,127.8084840014344,past_due,
592,60.76229884151052,11025.551424369334,11035.21588600427,11164.526582004444,129.31069600017508,past_due,
593,22.361258513660356,11042.914497478578,11052.58180899918,11176.829054999049,124.24724599986804,past_due,
594,56.29931744920622,11060.27757058782,11069.948444001377,11194.268784002226,124.32034000084968,past_due,
595,57.409178234596176,11077.640643697065,11087.314695999026,11211.620741995517,124.30604599649088,past_due,
596,55.02283368248527,11096.74002411723,11106.417198993266,11230.841243996518,124.4240450032521,past_due,
597,57.46467841525119,11115.839404537395,11125.519300997255,11249.711600995213,124.19229999795787,past_due,
598,59.13682564773835,11134.938784957563,11144.627264000475,11268.960407001898,124.33314300142229,past_due,
599,23.861235056864054,11154.038165377731,11163.730113998055,11287.981858999003,124.25174500094728,past_due,
600,23.047968096936515,11173.1375457979,11182.832511998711,11307.108857005076,124.27634500636486,past_due,
601,55.26266885096758,11192.236926218067,11201.934748999774,11326.073951001745,124.13920200197026,past_due,
602,22.199623131228744,11211.336306638234,11221.03834400326,11345.332523000194,124.29417899693362,past_due,
603,22.66804211429005,11230.435687058402,11240.14092399925,11364.48448099877,124.34355699951992,past_due,
604,54.8245580129293,11249.535067478568,11259.242903999984,11385.297437000554,126.0545330005698,past_due,
605,22.162041073512903,11268.634447898736,11278.346297003329,11406.60169200378,128.25539500045124,past_due,
606,22.262097294343885,11289.855981698922,11299.570790998638,11427.738475996244,128.16768499760656,past_due,
607,58.70771565385937,11311.077515499108,11320.795869000256,11448.99952999939,128.20366099913372,past_due,
608,21.871691983058533,11332.299049299294,11342.020606003702,11470.171435001306,128.15082899760458,past_due,
609,23.809993443342545,11353.52058309948,11363.246432997286,11489.38569199224,126.1392589949537,past_due,
610,21.88581969564745,11374.742116899666,11384.470839999616,11508.245552002685,123.774712003069,done,
611,22.190186193577503,11395.963650699852,11448.147340998054,11508.486355000292,60.3390140022384,done,
612,21.448119165718936,11417.185184500038,11426.922428004444,11508.638062002545,81.71563399810111,done,
613,21.98299290882088,11438.406718300224,11405.69691900164,11508.84272399999,103.14580499834848,done,
614,60.47433343318532,11459.62825210041,11488.47564700246,11586.93878400355,98.46313700109022,done,
615,58.66787996099215,11478.727632520578,11469.372577995062,11587.268566997198,117.89598900213603,done,
616,22.823975051578664,11497.827012940745,11507.577229999006,11631.593050000665,124.01582000165943,past_due,
617,22.05119756905427,11516.926393360913,11564.885292999446,11637.161160997988,72.2758679985418,done,
618,21.56431095950293,11536.02577378108,11545.782880999148,11637.547710004263,91.76482900511472,done,
619,23.15801088193695,11555.125154201249,11526.680340997877,11637.754273993954,111.07393299607791,done,
620,21.537183971684097,11574.224534621417,11583.987593993545,11637.936138992547,53.94854499900248,done,
621,22.995935504984587,11593.32391504158,11603.09137300402,11668.021223003336,64.9298499993165,done,
622,22.651376991845385,11612.42329546175,11622.195171996951,11668.25228399533,46.057111998379696,done,
623,56.0552887128794,11631.522675881915,11660.400579996409,11746.543192995947,86.14261299953796,done,
624,60.30727467042794,11650.622056302083,11641.298334002497,11746.844466001787,105.54613199929008,done,
625,22.606313116164003,11669.721436722251,11679.503716997802,11803.842354998866,124.33863800106336,past_due,
626,23.40770490191659,11688.820817142418,11698.606661997736,11822.936910994293,124.3302489965572,past_due,
627,53.285872473228366,11707.920197562586,11717.710487999022,11842.083192994061,124.37270499503938,past_due,
628,23.18171489812324,11727.019577982752,11736.812879003584,11844.518040000868,107.70516099728412,done,
629,59.68698796375101,11746.11895840292,11755.915598005056,11880.350773004291,124.43517499923472,past_due,
630,21.8430026233761,11765.218338823088,11775.018848001955,11900.100390008183,125.08154200622812,past_due,
631,57.917713978788,11784.317719243254,11794.12189400196,11918.592181004584,124.47028700262308,past_due,
632,22.62628887937937,11803.417099663422,11813.225610002875,11937.748974999879,124.52336499700324,past_due,
633,59.28409558769526,11822.516480083588,11832.32755099982,11956.5736910032,124.24614000337895,past_due,
634,23.126356674153055,11841.615860503756,11851.433590993283,11975.788432995787,124.35484200250356,past_due,
635,60.9711231782978,11865.490086028964,11875.310815997422,11999.5875260022,124.27671000477858,past_due,
636,21.74083042692335,11889.364311554174,11899.18804500252,12023.544603003247,124.35655800072708,past_due,
637,22.329837493755992,11913.238537079384,11923.06620900333,12047.277793999703,124.21158499637386,past_due,
638,22.63632632264149,11937.112762604593,11946.944560997188,12071.149863000435,124.2053020032472,past_due,
639,23.015955992618533,11960.986988129804,11970.822642996907,12095.161560991372,124.33891799446428,past_due,
640,55.7236299267585,11984.861213655013,11994.702007003129,12119.191753008694,124.4897460055654,past_due,
641,22.231608731477905,12008.735439180222,12018.580430999398,12143.117394004483,124.53696300508454,past_due,
642,22.22876691447169,12032.609664705433,12042.458934001625,12170.65691300173,128.19797900010602,past_due,
643,21.753222633890907,12053.831198505615,12063.685974001884,12191.866748003406,128.18077400152106,past_due,
644,61.24600106011326,12075.052732305803,12084.910731002688,12213.109095002816,128.1983640001272,past_due,
645,60.83695703074493,12096.27426610599,12106.13548400253,12234.294821002928,128.1593370003975,past_due,
646,23.56863881935028,12117.495799906175,12127.361242994666,12251.73673299345,124.37548999878344,past_due,
647,57.92712707579985,12138.71733370636,12148.586658999324,12272.857674999745,124.2710160004208,past_due,
648,22.86429627436416,12159.938867506546,12169.81132799387,12294.097719991754,124.2863919978845,past_due,
649,22.494888284347912,12181.160401306732,12191.03659400344,12316.503430001381,125.4668359979405,past_due,
650,58.37760921808445,12202.381935106918,12212.261299997568,12336.566293999727,124.30499400215922,past_due,
651,58.10495917807624,12223.603468907104,12233.485514000058,12357.930152000627,124.44463800056836,past_due,
652,23.270857666757024,12250.888298078771,12260.774559997022,12385.296304994787,124.52174499776449,past_due,
653,56.783270055676816,12278.173127250438,12288.06240299344,12412.466871989076,124.4044689956354,past_due,
654,23.162958397864426,12305.457956422106,12315.351515002549,12439.660654998152,124.30913999560288,past_due,
655,22.66579228319902,12332.742785593777,12342.640395998957,12467.822153996736,125.18175799777964,past_due,
656,22.852603853084727,12360.027614765442,12369.929616004229,12494.466165007325,124.5365490030963,past_due,
657,22.50488224821741,12387.31244393711,12397.217421002686,12521.667477998242,124.45005699555622,past_due,
658,22.5601740339114,12414.597273108777,12445.73185800016,12531.702820005536,85.97096200537635,done,
659,23.9335257897967,12435.818806908965,12466.95628799498,12531.921189992863,64.96490199788241,done,
660,22.8041898023888,12457.040340709147,12424.50716099888,12532.111323999241,107.60416300036012,done,
661,21.89114876722895,12478.261874509337,12509.408542998137,12558.10201199609,48.69346899795346,done,
662,23.14875508391281,12499.48340830952,12488.183605000377,12558.259977001871,70.07637200149475,done,
663,57.65812206933662,12520.704942109707,12530.633899003267,12633.013481003407,102.37958200013964,done,
664,22.417925438172706,12541.926475909891,12551.858479000628,12633.409895995981,81.55141699535307,done,
665,22.866724363882717,12563.14800971008,12631.45542100072,12679.930815004338,48.47539400361711,done,
666,22.577475203046703,12584.369543510264,12615.535090997815,12680.063032996492,64.5279419986764,done,
667,22.772379373104226,12605.591077310452,12594.309108003974,12680.20167401078,85.89256600680528,done,
668,22.307010453072767,12621.507227660592,12573.0836860016,12680.34028500505,107.25659900344908,done,
669,57.697749131386864,12637.42337801073,12647.37386199832,12751.27753400139,103.90367200307082,done,
670,23.399747695456053,12653.33952836087,12663.2938509956,12751.448461001914,88.1546100063133,done,
671,22.04204745935827,12669.25567871101,12679.212789997458,12807.19960299792,127.98681300046157,past_due,
672,22.484183981508995,12685.171829061148,12695.132003001869,12819.492544000037,124.36054099816828,past_due,
673,23.16734535404505,12701.087979411288,12711.050241999328,12835.153503004403,124.10326100507518,past_due,
674,60.32472483185924,12717.004129761428,12726.970261000097,12851.222215999733,124.25195499963591,past_due,
675,22.69174550326564,12732.920280111566,12742.8887539953,12866.952491991338,124.06373799603898,past_due,
676,22.467184544738807,12748.836430461706,12758.809050001204,12883.128811003175,124.31976100197062,past_due,
677,54.21235023520128,12764.752580811846,12774.728496998549,12898.93818999856,124.2096930000116,past_due,
678,22.289955807683658,12780.668731161984,12790.6488860026,12914.994037004362,124.34515100176212,past_due,
679,61.0293870351023,12796.584881512124,12806.567844994366,12930.753072994354,124.18522799998756,past_due,
680,22.98646693720507,12813.947954621368,12823.934741996229,12948.369751998573,124.43501000234392,past_due,
681,60.19706412342428,12831.31102773061,12841.301380001009,12965.677858998883,124.37647899787407,past_due,
682,57.25251539221821,12848.674100839851,12858.667147003114,12982.902437003911,124.23529000079724,past_due,
683,56.842621384593855,12866.037173949097,12876.15605200082,13001.708839999279,125.55278799845836,past_due,
684,57.72702493006201,12883.40024705834,12893.522176995872,13017.582413997558,124.06023700168588,past_due,
685,58.14722813829976,12900.763320167582,12910.888706997035,13035.176427992234,124.28772099519848,past_due,
686,60.74037044862708,12918.126393276823,12928.254280000923,13052.450427998205,124.19614799728151,past_due,
687,22.97857131540948,12935.489466386069,12945.62164799869,13069.923628000892,124.30198000220116,past_due,
688,58.18063431680238,12952.852539495312,12962.98853199929,13087.358578999701,124.37004700041145,past_due,
689,57.87757645691202,12970.215612604554,12980.3535830006,13104.575181999302,124.22159899870168,past_due,
690,22.4127797704487,12987.578685713795,12997.720086999238,13126.007842003077,128.2877550038393,past_due,
691,22.486974034217948,13003.494836063936,13013.638171993196,13141.791749993106,128.15357799991034,past_due,
692,55.56212538725253,13019.410986414076,13029.557279996574,13157.633915996179,128.07663599960506,past_due,
693,55.60801863894497,13035.327136764216,13045.475758999586,13173.65995899489,128.18419999530306,past_due,
694,58.54358618338053,13051.243287114356,13061.39516299963,13189.385859004047,127.99069600441726,past_due,
695,58.12641323459317,13067.159437464496,13077.313896000383,13205.4645149993,128.15061899891586,past_due,
696,22.10906494676984,13083.075587814634,13093.232871994376,13221.316087998974,128.08321600459746,past_due,
697,22.018993540551406,13098.991738164774,13109.15197300166,13237.361894998701,128.20992199704054,past_due,
698,57.80586829206994,13114.907888514914,13125.071813993156,13253.054305998841,127.98249200568534,past_due,
699,60.13259776618749,13130.824038865054,13140.990722998977,13269.164674000349,128.17395100137222,past_due,
700,22.932904840007065,13146.740189215194,13156.910087995231,13284.991731992806,128.08164399757516,past_due,
701,22.99941832716738,13162.656339565332,13172.82974999398,13301.037630997598,128.20788100361824,past_due,
702,22.37554749244813,13178.572489915472,13188.748613998294,13316.835708000988,128.08709400269436,past_due,
703,60.58073609328232,13194.488640265612,13204.667724005878,13332.879239008354,128.21151500247652,past_due,
704,22.65398816329314,13210.40479061575,13220.587003998458,13348.566724002536,127.97972000407754,past_due,
705,56.96815082443264,13226.32094096589,13236.50728199631,13364.725317995762,128.2180359994527,past_due,
706,23.03027288623429,13242.23709131603,13252.42597399652,13380.452241000836,128.02626700431574,past_due,
707,22.420977665727012,13258.153241666168,13268.345474995673,13393.22701899329,124.88154399761696,past_due,
708,23.67259284701786,13274.069392016308,13284.264550998809,13408.58351299877,124.31896199996118,past_due,
709,22.04653221495465,13289.985542366448,13300.183736003935,13424.4782750007,124.29453899676446,past_due,
710,22.48172605536132,13305.901692716589,13316.103096999228,13444.0439939996,127.94089700037148,past_due,
711,22.12575276542372,13321.817843066729,13363.860785000026,13444.351792000118,80.49100700009149,done,
712,22.081560156366425,13337.733993416869,13332.022286005318,13444.495870003826,112.47358399850782,done,
713,22.009100886836045,13353.650143767003,13347.940841004252,13444.710931004316,96.77009000006365,done,
714,54.075067435943325,13369.566294117143,13379.779473997653,13508.602867997135,128.8233939994825,past_due,
715,57.56809442630829,13382.299214397255,13392.51516699791,13520.38314699952,127.8679800016107,past_due,
716,22.23500939673532,13395.032134677367,13405.251218006017,13533.343999006322,128.09278100030497,past_due,
717,60.08511239522022,13407.76505495748,13417.986271999776,13546.194043994998,128.20777199522126,past_due,
718,56.60120675834256,13420.497975237591,13430.726563997569,13558.696064999212,127.96950100164396,past_due,
719,56.07070934070999,13433.230895517703,13443.462300002577,13571.325369002008,127.86306899943156,past_due,
720,22.222612271179333,13445.963815797812,13456.1972990036,13580.285902999514,124.08860399591504,past_due,
721,22.20567956415558,13458.696736077924,13468.933182999492,13595.502133995935,126.56895099644316,past_due,
722,22.958273441307817,13471.429656358036,13481.669163003564,13606.007585003274,124.33842199970968,past_due,
723,22.089193217058423,13484.16257663815,13494.40477400273,13619.582866998797,125.17809299606596,past_due,
724,21.93438580762041,13496.89549691826,13507.143477998674,13633.177874000743,126.03439600206912,past_due,
725,60.290372787221074,13509.628417198372,13519.878660999238,13644.006709001842,124.12804800260346,past_due,
726,22.71762710963376,13522.361337478484,13532.614068001509,13656.971878994897,124.35781099338784,past_due,
727,58.13646948952356,13535.094257758596,13545.35016900301,13669.57131500059,124.2211459975806,past_due,
728,57.04340773441834,13547.827178038706,13558.08603399992,13682.376642000512,124.29060800059231,past_due,
729,57.90809401409794,13560.560098318818,13570.821157999337,13694.977803993272,124.15664599393494,past_due,
730,58.84195865158472,13584.434323844029,13594.699067994952,13718.92567199393,124.22660399897724,past_due,
731,57.49549922628631,13608.308549369236,13618.577518999577,13742.90691399516,124.32939499558417,past_due,
732,22.31026794874948,13632.182774894443,13642.45614400506,13766.885419003025,124.42927499796497,past_due,
733,58.03009730510988,13656.057000419656,13666.334963999689,13790.743528995663,124.4085649959743,past_due,
734,21.621809019434945,13679.931225944863,13690.219198003411,13814.62868300057,124.40948499715888,past_due,
735,55.11148206448404,13703.805451470074,13714.09818699956,13838.959105003392,124.86091800383292,past_due,
736,23.022953361234165,13727.679676995283,13737.97688600421,13862.34869300056,124.37180699635064,past_due,
737,63.44838013755966,13751.553902520493,13761.855181001129,13886.331606998401,124.4764259972726,past_due,
738,59.66073539659708,13770.65328294066,13780.95801500231,13905.240685005905,124.28267000359484,past_due,
739,61.6001220674478,13789.752663360829,13800.060930997131,13924.401604993034,124.34067399590276,past_due,
740,57.292940165483365,13808.852043780997,13819.164466999471,13943.336310002313,124.17184300284134,past_due,
741,21.977055462515118,13827.95142420116,13838.266745001078,13962.257705995056,123.99096099397866,past_due,
742,22.57479327800605,13847.050804621327,13857.370728999376,13981.769043997338,124.39831499796128,past_due,
743,60.41661125756853,13866.150185041495,13876.473189994693,14000.875044993416,124.40185499872314,past_due,
744,23.118438209015057,13885.249565461663,13895.576252996922,14020.008305991883,124.43205299496184,past_due,
745,58.19094657449332,13904.348945881831,13914.67801900208,14038.80901899893,124.13099999685072,past_due,
746,58.77140681422668,13923.448326301996,13933.780965000393,14059.864539003525,126.08357400313253,past_due,
747,58.31642641587494,13942.547706722164,13952.883784003556,14081.090836006391,128.20705200283555,past_due,
748,22.77796523578621,13963.769240522352,13974.108976997435,14102.275600993074,128.16662399563938,past_due,
749,23.28444675298297,13984.990774322538,13995.334026001394,14123.496305006149,128.16227900475496,past_due,
750,22.73564521677119,14006.212308122724,14016.558876000345,14144.763775003667,128.20489900332174,past_due,
751,21.958795868709217,14027.43384192291,14037.783711999657,14162.082988998156,124.2992769984994,past_due,
752,59.23718739906919,14048.655375723094,14059.008262000978,14183.25830299448,124.2500409935019,past_due,
753,22.9120618619126,14069.87690952328,14080.233516000211,14208.435115000233,128.20159900002182,past_due,
754,23.29736962516398,14091.098443323466,14101.458027005196,14225.6935940017,124.23556699650362,past_due,
755,24.026722255454448,14112.319977123652,14122.682602003217,14246.890794002276,124.20819199905964,past_due,
756,22.57225962094471,14133.541510923838,14143.908139005303,14272.117425003613,128.2092859983095,past_due,
757,59.97274785330948,14149.457661273978,14159.826799996195,14287.748835997305,127.92203600110952,past_due,
758,23.588136995537237,14165.373811624118,14175.747065000236,14303.96630100155,128.2192360013141,past_due,
759,22.855388952938327,14181.289961974257,14191.66629499942,14319.609409005905,127.9431140064844,past_due,
760,22.321430912230557,14197.206112324397,14207.585988998411,14335.652662996958,128.06667399854632,past_due,
761,56.68432805206989,14213.122262674537,14223.505098998548,14347.695425000102,124.19032600155332,past_due,
762,58.26848213314472,14229.038413024677,14239.42475900054,14364.1607510022,124.73599200166063,past_due,
763,22.059541776693663,14244.954563374817,14255.34372099489,14383.325048992876,127.98132799798624,past_due,
764,22.704932234783776,14260.870713724957,14271.263828001916,14395.425134996127,124.16130699421046,past_due,
765,21.28699840978108,14276.786864075097,14287.18251399696,14411.758003001161,124.5754890042008,past_due,
766,22.75890869920884,14292.703014425237,14303.10185199976,14430.855011001928,127.7531590021681,past_due,
767,54.93912743920986,14308.619164775371,14319.020854994656,14443.171957989458,124.15110299480148,past_due,
768,21.89717596583153,14324.535315125511,14334.939393997192,14459.601642000198,124.66224800300552,past_due,
769,23.21861493007961,14334.085005335595,14344.492098003626,14469.176443002594,124.6843449989683,past_due,
770,22.67619878861201,14343.63469554568,14354.043862000108,14478.826042995788,124.7821809956804,past_due,
771,22.36374428846271,14353.184385755763,14363.595845997334,14488.32576499728,124.72991899994668,past_due,
772,21.99354425326677,14362.734075965847,14373.147492997348,14497.9079829955,124.76048999815248,past_due,
773,58.728171514827054,14372.283766175931,14382.699423000216,14507.303827001946,124.60440400172956,past_due,
774,22.616291129012808,14381.833456386015,14392.251391999424,14516.879908997624,124.6285169982002,past_due,
775,22.697280158205487,14391.3831465961,14401.80344299972,14526.47574399691,124.67230099719018,past_due,
776,22.92972380527656,14400.932836806182,14411.354997999966,14535.923416003003,124.56841800303664,past_due,
777,22.712385996149525,14410.482527016266,14420.906638003886,14545.077197003935,124.17055900004924,past_due,
778,56.64573729740319,14420.03221722635,14430.458500005305,14555.017510005971,124.5590100006666,past_due,
779,23.39054807392292,14429.581907436434,14440.010636001824,14564.221154997647,124.2105189958238,past_due,
780,21.8207896388926,14439.131597646518,14449.56286200136,14578.926022006955,129.363160005596,past_due,
781,22.720194737819646,14448.6812878566,14459.114975996315,14583.758693997923,124.64371800160734,past_due,
782,22.25898475263137,14458.230978066684,14468.666655004025,14596.344205004978,127.67755000095347,past_due,
783,57.70735431264069,14467.780668276768,14478.218349002302,14602.249172006734,124.03082300443202,past_due,
784,58.69826486674545,14477.330358486852,14487.773381002247,14613.314844001783,125.54146299953572,past_due,
785,57.99566353851976,14486.880048696936,14497.325162000954,14621.332248998107,124.00708699715324,past_due,
786,58.60507917617695,14496.429738907018,14506.876841001213,14631.096401000104,124.21955999889178,past_due,
787,22.644285339048693,14505.979429117102,14516.430195003748,14640.28554800211,123.85535299836192,past_due,
788,59.10122170888399,14515.529119327186,14525.981695003808,14649.89719700499,123.91550200118218,past_due,
789,54.33696543555695,14532.89219243643,14543.348136998711,14667.662620996007,124.3144839972956,past_due,
790,22.388943947540003,14550.255265545671,14560.713727004826,14684.964034000062,124.25030699523631,past_due,
791,59.16922044197976,14567.618338654916,14578.079691000285,14702.360974002631,124.28128300234675,past_due,
792,22.8127032767739,14584.981411764158,14595.446832999589,14719.777600997479,124.33076799788978,past_due,
793,59.07779286614747,14602.344484873402,14612.811737000942,14741.778426001605,128.96668900066288,past_due,
794,56.86855189358333,14619.707557982643,14630.17815899849,14754.462875001365,124.28471600287594,past_due,
795,22.08550704853731,14637.070631091889,14647.543448001146,14771.67480000155,124.13135200040416,past_due,
796,61.0638091903336,14654.43370420113,14664.910259999337,14789.511723997597,124.60146399826044,past_due,
797,22.40152270626121,14671.796777310374,14682.276666000484,14806.565458002091,124.28879200160736,past_due,
798,57.13518572499868,14689.159850419615,14699.642838999627,14823.788272997537,124.14543399791,past_due,
799,57.86711653911989,14706.52292352886,14717.009364001451,14841.333091004226,124.32372700277485,past_due,
800,55.88640198906665,14730.397149054068,14740.886866003277,14865.131385003335,124.24451900005806,past_due,
801,22.52473649456576,14754.271374579275,14764.764171004295,14889.131432004157,124.36726099986116,past_due,
802,56.10521746403026,14778.145600104486,14788.64180700481,14912.861425007635,124.21961800282588,past_due,
803,57.748434823794994,14802.019825629695,14812.519102998078,14936.840749993746,124.32164699566783,past_due,
804,58.95712534904511,14825.894051154906,14836.396517001092,14960.679698002466,124.28318100137405,past_due,
805,56.56484969949825,14849.768276680115,14860.274062998593,14984.644107998116,124.37004499952307,past_due,
806,22.158500964071955,14873.642502205324,14884.152567997577,15008.511468994899,124.35890099732204,past_due,
807,22.670879214230965,14897.516727730534,14908.030044995248,15032.386913999508,124.35686900425937,past_due,
808,22.271255158425674,14921.390953255745,14931.907018996775,15056.16645099601,124.25943199923496,past_due,
809,22.935901182669223,14945.265178780952,14955.785028003156,15080.104492997343,124.319464994187,past_due,
810,55.69980337001724,14969.13940430616,14979.661989994347,15103.959720000566,124.29773000621935,past_due,
811,22.355256706173197,14993.01362983137,15003.539583005013,15127.864287001548,124.3247039965354,past_due,
812,57.303744032134205,15016.88785535658,15027.41740500182,15151.808548008325,124.39114300650544,past_due,
813,57.8156512620445,15040.762080881788,15051.29556299746,15175.586363992828,124.29080099536804,past_due,
814,56.63013351111088,15064.636306406996,15075.173667006196,15203.982153005085,128.8084859988885,past_due,
815,57.5067382705671,15088.510531932208,15099.051284000278,15223.396344998444,124.34506099816645,past_due,
816,59.86830321744642,15105.87360504145,15116.416456997396,15240.541764001247,124.12530700385103,past_due,
817,22.186324086814466,15123.236678150692,15133.782923996449,15258.174410995678,124.39148699922951,past_due,
818,22.101967104242934,15140.599751259935,15151.148547001185,15275.250971001924,124.10242400073912,past_due,
819,22.790599720776708,15157.96282436918,15168.51517199725,15292.766535992676,124.2513639954268,past_due,
820,56.83113927436993,15175.325897478422,15185.881246000528,15310.215156004298,124.33391000377014,past_due,
821,22.410278373432536,15192.688970587664,15203.247528001666,15331.824966999702,128.5774389980361,past_due,
822,22.662672366119395,15210.052043696907,15220.613917000592,15345.237231005158,124.62331400456604,past_due,
823,58.94726378126953,15227.41511680615,15237.97907499969,15362.12647600181,124.1474010021193,past_due,
824,57.9465200213627,15244.778189915394,15255.3454670012,15379.705609000404,124.36014199920464,past_due,
825,22.38146816564447,15262.141263024636,15272.711390003562,15399.828249006416,127.11685900285374,past_due,
826,55.05584528263592,15279.50433613388,15290.077440999448,15414.325571995869,124.24813099642051,past_due,
827,22.02817328198472,15293.146750719714,15303.723333001137,15427.955787001003,124.23245399986628,past_due,
828,21.850084220951526,15306.789165305549,15317.368643000722,15441.66000099975,124.29135799902724,past_due,
829,58.7178797701091,15320.43157989138,15331.01411599666,15455.264366996127,124.25025099946652,past_due,
830,56.53808204288493,15334.073994477216,15344.658880002797,15468.547235005943,123.888355003146,past_due,
831,22.634149132453853,15347.716409063049,15358.303158000112,15482.482790999697,124.179632999585,past_due,
832,61.09658564890741,15361.358823648883,15371.949129000306,15499.364673994016,127.41554499370976,past_due,
833,58.24928840552719,15375.001238234716,15385.595317997038,15509.846388996928,124.25107099988963,past_due,
834,60.812877998191325,15388.64365282055,15399.242156997325,15523.267154993782,124.0249979964574,past_due,
835,60.396068211628815,15402.286067406383,15412.8864479959,15537.00599199021,124.11954399431124,past_due,
836,22.63172792253571,15415.928481992218,15426.53128400445,15551.465757006663,124.93447300221304,past_due,
837,61.15508414729224,15429.570896578052,15440.17715599388,15568.523150992989,128.34599499910834,past_due,
838,58.29587618473272,15443.213311163889,15453.82338000089,15578.155796999985,124.3324169990956,past_due,
839,22.415238904978235,15456.85572574972,15467.46757300198,15591.49734100711,124.02976800512988,past_due,
840,21.6817647579093,15470.498140335554,15481.11233100295,15605.24624299811,124.133911995159,past_due,
841,59.45761190027625,15487.861213444798,15498.478664003313,15622.820982998644,124.34231899533188,past_due,
842,22.55798009935911,15505.22428655404,15515.84467600286,15640.097472001333,124.25279599847272,past_due,
843,56.79465093396711,15522.587359663285,15533.21144799888,15657.490757994352,124.27930999547245,past_due,
844,58.96727555919183,15539.950432772526,15550.578568004072,15674.954019010998,124.3754510069266,past_due,
845,56.14220685429032,15557.31350588177,15567.94422700256,15694.242979004744,126.2987520021852,past_due,
846,57.89779836583112,15574.676578991011,15585.310400001705,15709.687026003026,124.37662600132172,past_due,
847,21.81155330869245,15592.039652100257,15602.67572300136,15726.827489003248,124.15176600188715,past_due,
848,58.90510258996717,15609.402725209498,15620.04236100614,15744.284392007045,124.2420310009038,past_due,
849,22.787506796124937,15626.765798318742,15637.40924499929,15761.663482001168,124.2542370018782,past_due,
850,23.12233031868164,15644.128871427984,15654.778361998498,15779.189046997519,124.4106849990203,past_due,
851,22.64167218182876,15661.491944537229,15672.144417993724,15800.347702993196,128.20328499947206,past_due,
852,59.57272828148157,15682.713478337411,15693.36864899844,15821.574762999371,128.20611400093182,past_due,
853,22.21947931128722,15703.9350121376,15714.593245998023,15842.817538993606,128.2242929955828,past_due,
854,54.276135227435645,15725.156545937783,15735.818043999374,15864.016356995038,128.19831299566434,past_due,
855,22.89699688993559,15746.378079737971,15757.042837001383,15881.340670006059,124.29783300467534,past_due,
856,59.82526271674852,15767.599613538156,15778.267743997276,15902.472720001242,124.2049760039663,past_due,
857,23.290963698216927,15788.821147338342,15799.492541000249,15923.79313299712,124.30059199687092,past_due,
858,23.144955983649663,15810.042681138528,15820.718198999764,15945.041516999134,124.32331799936946,past_due,
859,57.60677434372889,15831.264214938714,15841.943149998784,15968.218626998365,126.27547699958086,past_due,
860,23.439024961451672,15852.4857487389,15863.168066002429,15987.472772000358,124.30470599792898,past_due,
861,59.79631513324442,15869.848821848143,15880.534400001168,16004.810485001188,124.27608500001952,past_due,
862,53.83402529541654,15887.211894957389,15897.90083900094,16022.219730002107,124.31889100116678,past_due,
863,59.926465882525925,15904.574968066629,15915.26707199961,16039.67610499973,124.40903300011996,past_due,
864,22.92057438215274,15921.938041175872,15932.632683999836,16056.920348999265,124.28766499942869,past_due,
865,22.75105976173184,15939.301114285116,15949.998810999095,16074.235246999597,124.23643600050129,past_due,
866,22.94290675058759,15956.66418739436,15967.365299999714,16091.686104002933,124.32080400321864,past_due,
867,23.311882951649807,15974.027260503604,15984.73031000048,16108.866957995808,124.13664799532852,past_due,
868,55.16840355750583,15991.390333612846,16002.096924997866,16126.428598001192,124.3316730033257,past_due,
869,55.62958449046502,16008.753406722088,16019.463278003035,16143.646051007612,124.18277300457704,past_due,
870,58.7381949381682,16026.116479831331,16036.829391002657,16161.100633998403,124.27124299574643,past_due,
871,60.535251445856574,16043.479552940576,16054.195558995008,16182.416270989808,128.2207119947998,past_due,
872,56.24621746307886,16059.395703290716,16070.113852001728,16198.040280003685,127.92642800195608,past_due,
873,57.06699768028919,16075.311853640853,16086.03275900334,16214.24257500423,128.20981600089002,past_due,
874,22.39143837042852,16091.228003990993,16101.95085400343,16229.895852002723,127.94499799929326,past_due,
875,22.507023434449803,16107.144154341133,16117.870215006173,16246.086875005625,128.2166599994525,past_due,
876,22.9557138233576,16123.060304691273,16133.788723997772,16257.923522000841,124.1347980030696,past_due,
877,58.41658651835666,16138.976455041411,16149.707823000848,16274.017930000322,124.31010699947365,past_due,
878,22.332694141609764,16154.892605391551,16165.625924997032,16289.800344001735,124.17441900470294,past_due,
879,59.75458561640998,16170.80875574169,16181.545518994331,16305.839923989784,124.29440499545308,past_due,
880,22.298014895512544,16186.72490609183,16197.464161001146,16321.629887004558,124.16572600341168,past_due,
881,58.388601223877366,16202.64105644197,16213.383891001344,16337.755323002115,124.37143200077116,past_due,
882,57.11320972591288,16218.557206792108,16229.30227099359,16353.471042989346,124.16877199575538,past_due,
883,22.44477643404468,16234.473357142248,16245.221617005764,16369.528822004095,124.30720499833114,past_due,
884,57.63879443358507,16251.836430251493,16262.590328000486,16386.744814999518,124.15448699903207,past_due,
885,22.567327586693665,16269.199503360733,16279.95739799738,16404.303211002145,124.34581300476566,past_due,
886,22.155493306176027,16286.562576469976,16297.323389999568,16421.641933006234,124.318543006666,past_due,
887,61.98384337667267,16303.92564957922,16314.689258001745,16438.892110008164,124.20285200641956,past_due,
888,22.283150655130367,16321.288722688463,16332.055738002062,16456.450413995306,124.39467599324416,past_due,
889,59.29702610995193,16338.651795797705,16349.421245001256,16475.09626900032,125.67502399906516,past_due,
890,22.037342931010578,16356.014868906948,16366.787285000086,16491.11888300284,124.33159800275462,past_due,
891,22.88161277326377,16373.377942016192,16384.153716996312,16508.352915002266,124.1991980059538,past_due,
892,56.329206979645285,16390.741015125433,16401.520806998014,16526.284421001328,124.7636140033137,past_due,
893,56.89430993656123,16408.10408823468,16418.887024000287,16543.21583299752,124.32880899723386,past_due,
894,23.17718229205548,16425.46716134392,16436.252312004566,16564.466403998435,128.21409199386838,past_due,
895,22.530095564073942,16438.200081624032,16448.9882190004,16577.12264700001,128.13442799961194,past_due,
896,23.603604505518856,16450.933001904144,16461.72479199618,16589.956657997624,128.23186600144254,past_due,
897,21.70524755147769,16463.665922184256,16474.460704997182,16602.401757994085,127.94105299690273,past_due,
898,23.35853567979006,16476.398842464365,16487.19611299783,16615.08677600103,127.89066300319972,past_due,
899,57.03065494005094,16489.131762744477,16499.931274995208,16627.967960996204,128.0366860009963,past_due,
900,22.965270643538958,16501.86468302459,16512.667501993477,16636.916132993705,124.24863100022776,past_due,
901,59.00076965978201,16514.5976033047,16525.40357799828,16649.588600998162,124.18502299988177,past_due,
902,59.19179751216305,16527.330523584813,16538.139111995697,16662.38383999036,124.24472799466456,past_due,
903,23.082937491679267,16540.063443864925,16550.874304004014,16674.98486300558,124.11055900156498,past_due,
904,21.945817670766687,16552.796364145037,16563.6097080037,16691.563813006273,127.95410500257276,past_due,
905,22.39621271559782,16565.52928442515,16576.345596000552,16700.645841996535,124.30024599598256,past_due,
906,22.694531560108825,16578.262204705257,16589.082481995225,16713.207244990277,124.12476299505217,past_due,
907,53.592594652678905,16590.99512498537,16601.818117000163,16726.048928001488,124.23081100132548,past_due,
908,59.02290718471734,16603.72804526548,16614.55309700221,16738.643551004934,124.09045400272588,past_due,
909,59.06693448624674,16616.460965545593,16627.28863900155,16755.340551995672,128.051912994124,past_due,
910,22.00371467723634,16637.682499345778,16648.51341100037,16776.717782998807,128.20437199843582,past_due,
911,23.24596802897921,16658.904033145966,16669.73801200092,16797.947149002168,128.20913700124947,past_due,
912,23.733524348084224,16680.12556694615,16690.961712002754,16819.1479410007,128.18622899794718,past_due,
913,57.3141992037196,16701.347100746338,16712.191167995334,16838.27119399415,126.08002599881728,past_due,
914,54.39781588058523,16722.568634546522,16733.4157409966,16857.785896990856,124.37015599425648,past_due,
915,56.82063759458893,16743.79016834671,16754.640135996044,16878.769544995623,124.12940899957904,past_due,
916,53.44939523183066,16765.011702146894,16775.864958003163,16900.203612004058,124.33865400089417,past_due,
917,58.89306242201402,16786.233235947082,16797.09051899612,16921.417223000608,124.32670400448842,past_due,
918,23.214209104788488,16807.454769747266,16818.31523000449,16942.701912004966,124.38668200047688,past_due,
919,23.277135854561795,16826.554150167434,16837.41854299605,16961.719795999117,124.30125300306828,past_due,
920,56.0389013766547,16845.653530587602,16856.52079999447,16980.806736990344,124.28593699587508,past_due,
921,59.5839808000603,16864.75291100777,16875.623201996088,16999.9501290014,124.32692700531334,past_due,
922,61.65239539389306,16883.85229142794,16894.729967996478,17018.96835899586,124.2383909993805,past_due,
923,58.55421064108995,16902.951671848103,16913.832901999354,17038.267969998356,124.43506799900206,past_due,
924,22.535261844000527,16922.05105226827,16932.93498700112,17062.32541699754,129.3904299964197,past_due,
925,56.399760650354736,16941.15043268844,16952.03793899715,17079.534981992096,127.49704299494624,past_due,
926,59.033893741455664,16960.249813108607,16971.14082700014,17097.029101997265,125.88827499712352,past_due,
927,22.09768298536422,16979.349193528775,16990.243434995413,17114.485481996147,124.2420470007346,past_due,
928,22.404470485574407,16998.448573948943,17009.346786998212,17133.733412995643,124.38662599743112,past_due,
929,55.67896821527639,17015.811647058184,17026.71208000183,17150.831998998998,124.11991899716668,past_due,
930,21.903950017913772,17033.17472016743,17044.078258998692,17168.47143399826,124.39317499956816,past_due,
931,59.77016116161025,17050.53779327667,17061.44512899965,17185.756652999145,124.31152399949497,past_due,
932,61.36006477277377,17067.900866385913,17078.810752004385,17203.02025600412,124.20950399973664,past_due,
933,22.274549695077376,17085.26393949516,17096.176908001304,17220.528478005668,124.35157000436448,past_due,
934,62.561947583133545,17102.6270126044,17113.545618005097,17237.695796007407,124.15017800231,past_due,
935,54.90431405421111,17119.990085713645,17130.912422001362,17259.84519000014,128.9327679987764,past_due,
936,22.063638733003923,17137.353158822887,17148.279049001634,17274.731808004493,126.45275900285924,past_due,
937,56.08698173172412,17154.71623193213,17165.64574100077,17289.8823550003,124.23661399952834,past_due,
938,23.062774249276902,17172.079305041374,17183.012835994363,17307.359850994602,124.34701500023948,past_due,
939,22.06856393769137,17189.442378150616,17200.378001995385,17324.464800993563,124.08679899817798,past_due,
940,22.077295437674987,17204.134209243053,17215.073274999857,17339.32548499998,124.25221000012245,past_due,
941,23.38228347480011,17218.826040335487,17229.76890899986,17354.130022994243,124.36111399438232,past_due,
942,56.906737439985065,17233.517871427925,17244.462935000658,17368.697355997458,124.2344209967996,past_due,
943,22.372400517159544,17248.209702520362,17259.15753699839,17383.188110997726,124.0305739993346,past_due,
944,57.55997098936262,17262.901533612796,17273.852770000696,17398.221220997977,124.36845099728087,past_due,
945,22.45013325291681,17277.593364705233,17288.547113999724,17412.723683995777,124.17656999605242,past_due,
946,22.89101090995401,17292.28519579767,17303.241466000676,17427.441379000433,124.19991299975663,past_due,
947,23.10850288854829,17306.97702689011,17317.936606004834,17446.608051000978,128.67144499614366,past_due,
948,22.90012864828949,17321.668857982542,17332.630364000797,17460.434802002273,127.80443800147624,past_due,
949,56.41468946746426,17336.36068907498,17347.324800997972,17474.080110994924,126.75530999695184,past_due,
950,56.65918823659226,17351.052520167417,17362.019987002015,17487.682276001608,125.66228899959242,past_due,
951,22.176276619683687,17365.74435125985,17376.71409200132,17501.143882995646,124.42979099432704,past_due,
952,57.57752912554223,17380.43618235229,17391.408436998725,17515.452348999796,124.04391200107057,past_due,
953,62.26518934374714,17394.07859693812,17405.0534190014,17529.34272900026,124.2893099988578,past_due,
954,59.22672218394388,17407.721011523958,17418.69903100282,17543.075835999975,124.37680499715498,past_due,
955,59.88022074447816,17421.36342610979,17432.343876995146,17556.4714149895,124.1275379943545,past_due,
956,22.19677057411011,17435.005840695623,17445.988802999258,17570.02550800424,124.03670500498264,past_due,
957,55.23233379741324,17448.648255281456,17459.63431700319,17583.919748007145,124.28543100395473,past_due,
958,23.47271818316749,17462.290669867292,17473.279993996024,17600.660536998825,127.38054300280056,past_due,
959,54.86344030342274,17475.933084453125,17486.92567499727,17611.19449999585,124.26882499858038,past_due,
960,22.90866028171956,17489.575499038958,17500.570068001747,17624.691411005682,124.12134300393518,past_due,
961,55.815627942269415,17503.217913624794,17514.214728996158,17638.37455299741,124.15982400125358,past_due,
962,22.429569046811743,17516.860328210627,17527.859733998775,17652.771143001155,124.91140900237951,past_due,
963,60.49665604601406,17530.50274279646,17541.505975998938,17670.078012001817,128.57203600287906,past_due,
964,59.12479714673969,17544.145157382292,17555.15088299662,17679.284307000577,124.13342400395776,past_due,
965,22.78290517343389,17557.78757196813,17568.795686997473,17692.95441999071,124.1587329932372,past_due,
966,56.98277481111336,17571.42998655396,17582.440501004457,17706.578792005603,124.13829100114526,past_due,
967,61.18431516166522,17588.793059663203,17599.80654900521,17724.069217008422,124.26266800321172,past_due,
968,58.79290730300883,17606.15613277245,17617.17234700173,17741.499050998944,124.32670399721246,past_due,
969,54.78365347595772,17623.51920588169,17634.53816000372,17758.868123004213,124.32996300049126,past_due,
970,22.47204538564556,17640.88227899093,17651.90436399728,17776.20353299874,124.29916900146054,past_due,
971,59.21577164372847,17658.245352100177,17669.270064994693,17793.559723992134,124.28965899744072,past_due,
972,58.11545008089766,17675.60842520942,17686.636071003973,17812.450693002844,125.81462199887028,past_due,
973,57.66711608722052,17692.971498318664,17704.00277800113,17831.58258799708,127.5798099959502,past_due,
974,56.31614597320959,17710.334571427906,17721.367982000113,17850.72342500137,129.35544300125912,past_due,
975,22.265119673819605,17727.697644537147,17738.73483800143,17863.024416999717,124.28957899828674,past_due,
976,59.54557849138526,17745.060717646393,17756.101300999522,17880.321035999747,124.21973500022432,past_due,
977,56.495481332720935,17762.423790755634,17773.468492999673,17897.8688060047,124.40031300502596,past_due,
978,22.168682114262587,17781.523171175802,17792.570795997977,17916.81514199759,124.24434599961388,past_due,
979,23.15383536340925,17800.62255159597,17811.673269994557,17935.85952499596,124.1862550014048,past_due,
980,56.12326466670479,17819.721932016135,17830.776145003736,17955.06465300289,124.2885079991538,past_due,
981,22.75568303967108,17838.821312436303,17849.878334999084,17978.64372900076,128.7653940016753,past_due,
982,21.86555086744409,17857.92069285647,17868.98044499755,17993.302625997574,124.322181000025,past_due,
983,22.62091256714621,17877.02007327664,17888.082421004772,18012.325009009335,124.242588004563,past_due,
984,58.40967042650863,17896.119453696807,17907.18475600332,18033.313759004872,126.1290030015516,past_due,
985,61.47485728052899,17915.21883411697,17926.287339001894,18050.56666400039,124.27932499849705,past_due,
986,59.533717221538495,17934.31821453714,17945.389620006084,18069.722831008607,124.33321100252216,past_due,
987,21.916908255329883,17953.417594957307,17964.492082998157,18088.76877299405,124.27668999589514,past_due,
988,23.525459869472243,17967.06000954314,17978.136326998472,18102.209182002232,124.0728550037602,past_due,
989,57.12387368178441,17980.702424128976,17991.782180003822,18115.95993400918,124.17775400535902,past_due,
990,22.75353457064202,17994.34483871481,18005.428556002676,18129.786607008078,124.35805100540163,past_due,
991,59.71275182991349,18007.987253300642,18019.073566004638,18143.39430700534,124.32074100070167,past_due,
992,60.78868769866396,18021.62966788648,18032.718815997243,18157.166980996437,124.44816499919398,past_due,
993,22.517511101729323,18035.27208247231,18046.36340799928,18170.72620800039,124.36280000110855,past_due,
994,21.66664377765805,18048.914497058147,18060.009145997465,18184.71340599819,124.7042600007262,past_due,
995,63.16468066046649,18062.55691164398,18073.655596002936,18198.20164900011,124.54605299717514,past_due,
996,59.34284404615974,18076.199326229813,18087.30007699877,18211.70363799855,124.4035609997809,past_due,
997,60.70007527665676,18089.84174081565,18100.944826997817,18225.415695000207,124.47086800239047,past_due,
998,58.51368573313557,18103.48415540148,18114.58949099481,18239.1133869912,124.52389599638992,past_due,
999,22.968849070289338,18117.126569987315,18128.234531000257,18252.86261200125,124.6280810009921,past_due,
